FIC-2101~FIC-2001  
  FreqPeriod(min) 	 Unc_UB 	 Bode 	 Unc_LB 	 S/N_Ratio
1.000000e+03 	 5.636998e-01 	 5.198760e-01 	  4.760523e-01 	 1.086612e+00
9.000254e+02 	 5.682890e-01 	 5.244653e-01 	  4.806416e-01 	 1.153530e+00
8.100456e+02 	 5.739336e-01 	 5.301099e-01 	  4.862861e-01 	 1.230914e+00
7.290616e+02 	 5.808702e-01 	 5.370464e-01 	  4.932227e-01 	 1.319930e+00
6.561739e+02 	 5.893854e-01 	 5.455616e-01 	  5.017379e-01 	 1.421824e+00
5.905732e+02 	 5.998246e-01 	 5.560009e-01 	  5.121772e-01 	 1.537949e+00
5.315308e+02 	 6.126017e-01 	 5.687780e-01 	  5.249543e-01 	 1.669787e+00
4.783912e+02 	 6.282085e-01 	 5.843848e-01 	  5.405610e-01 	 1.818981e+00
4.305642e+02 	 6.472237e-01 	 6.034000e-01 	  5.595763e-01 	 1.987368e+00
3.875187e+02 	 6.703195e-01 	 6.264958e-01 	  5.826721e-01 	 2.176988e+00
3.487767e+02 	 6.982630e-01 	 6.544392e-01 	  6.106155e-01 	 2.390078e+00
3.139079e+02 	 7.319083e-01 	 6.880846e-01 	  6.442609e-01 	 2.628982e+00
2.825250e+02 	 7.721751e-01 	 7.283514e-01 	  6.845276e-01 	 2.895973e+00
2.542797e+02 	 8.200028e-01 	 7.761791e-01 	  7.323553e-01 	 3.192904e+00
2.288582e+02 	 8.762722e-01 	 8.324485e-01 	  7.886248e-01 	 3.520647e+00
2.059782e+02 	 9.416798e-01 	 8.978560e-01 	  8.540323e-01 	 3.878262e+00
1.853856e+02 	 1.016550e+00 	 9.727263e-01 	  9.289026e-01 	 4.261887e+00
1.668517e+02 	 1.100576e+00 	 1.056752e+00 	  1.012929e+00 	 4.663378e+00
1.501708e+02 	 1.192488e+00 	 1.148663e+00 	  1.104839e+00 	 5.068907e+00
1.351575e+02 	 1.289993e+00 	 1.245848e+00 	  1.201703e+00 	 5.457861e+00
1.216452e+02 	 1.388808e+00 	 1.344015e+00 	  1.299222e+00 	 5.802696e+00
1.094837e+02 	 1.482841e+00 	 1.437061e+00 	  1.391281e+00 	 6.070667e+00
9.853815e+01 	 1.564543e+00 	 1.517428e+00 	  1.470313e+00 	 6.228502e+00
8.868683e+01 	 1.626131e+00 	 1.577330e+00 	  1.528529e+00 	 6.250726e+00
7.982040e+01 	 1.661918e+00 	 1.611098e+00 	  1.560279e+00 	 6.130960e+00
7.184038e+01 	 1.671340e+00 	 1.618228e+00 	  1.565116e+00 	 5.892249e+00
6.465817e+01 	 1.660561e+00 	 1.605012e+00 	  1.549463e+00 	 5.587757e+00
5.819399e+01 	 1.638852e+00 	 1.580964e+00 	  1.523076e+00 	 5.281657e+00
5.237607e+01 	 1.608899e+00 	 1.549153e+00 	  1.489408e+00 	 5.014444e+00
4.713979e+01 	 1.561447e+00 	 1.500820e+00 	  1.440192e+00 	 4.787365e+00
4.242700e+01 	 1.488088e+00 	 1.428018e+00 	  1.367949e+00 	 4.597469e+00
3.818538e+01 	 1.397159e+00 	 1.339269e+00 	  1.281379e+00 	 4.474037e+00
3.436781e+01 	 1.295591e+00 	 1.241210e+00 	  1.186829e+00 	 4.414021e+00
3.093190e+01 	 1.173077e+00 	 1.122822e+00 	  1.072567e+00 	 4.320843e+00
2.783950e+01 	 1.044373e+00 	 9.979662e-01 	  9.515592e-01 	 4.158801e+00
2.505625e+01 	 9.187769e-01 	 8.751030e-01 	  8.314292e-01 	 3.875027e+00
2.255126e+01 	 7.910068e-01 	 7.483878e-01 	  7.057688e-01 	 3.395938e+00
2.029671e+01 	 6.769722e-01 	 6.338242e-01 	  5.906761e-01 	 2.840825e+00
1.826755e+01 	 5.691437e-01 	 5.252759e-01 	  4.814080e-01 	 2.315675e+00
1.644126e+01 	 4.686670e-01 	 4.263354e-01 	  3.840039e-01 	 1.947708e+00
1.479755e+01 	 3.801989e-01 	 3.420758e-01 	  3.039526e-01 	 1.735283e+00
1.331817e+01 	 3.031625e-01 	 2.686855e-01 	  2.342084e-01 	 1.507130e+00
1.198669e+01 	 2.401296e-01 	 2.052974e-01 	  1.704651e-01 	 1.139826e+00
1.078833e+01 	 1.911488e-01 	 1.515442e-01 	  1.119395e-01 	 7.399962e-01
9.709767e+00 	 1.467878e-01 	 1.062136e-01 	  6.563943e-02 	 5.062523e-01
8.739037e+00 	 1.044381e-01 	 7.001317e-02 	  3.558826e-02 	 3.933178e-01
7.865355e+00 	 7.787806e-02 	 4.383364e-02 	  9.789215e-03 	 2.489993e-01
7.079019e+00 	 6.189681e-02 	 2.608503e-02 	  0.000000e+00 	 1.408647e-01
6.371296e+00 	 5.773941e-02 	 2.602087e-02 	  0.000000e+00 	 1.586519e-01
5.734328e+00 	 6.784335e-02 	 3.496386e-02 	  2.084380e-03 	 2.056511e-01
5.161041e+00 	 7.167349e-02 	 4.352376e-02 	  1.537402e-02 	 2.990121e-01
4.645068e+00 	 7.982841e-02 	 5.144041e-02 	  2.305241e-02 	 3.504340e-01
4.180679e+00 	 8.263094e-02 	 5.449217e-02 	  2.635340e-02 	 3.745119e-01
3.762717e+00 	 8.263094e-02 	 5.449217e-02 	  2.635340e-02 	 0.000000e+00
3.386540e+00 	 8.263094e-02 	 5.449217e-02 	  2.635340e-02 	 0.000000e+00
3.047972e+00 	 8.263094e-02 	 5.449217e-02 	  2.635340e-02 	 0.000000e+00
2.743252e+00 	 8.263094e-02 	 5.449217e-02 	  2.635340e-02 	 0.000000e+00
2.468997e+00 	 8.263094e-02 	 5.449217e-02 	  2.635340e-02 	 0.000000e+00
2.222160e+00 	 8.263094e-02 	 5.449217e-02 	  2.635340e-02 	 0.000000e+00
2.000000e+00 	 8.263094e-02 	 5.449217e-02 	  2.635340e-02 	 0.000000e+00
 
FIC-2101~FIC-2002  
  FreqPeriod(min) 	 Unc_UB 	 Bode 	 Unc_LB 	 S/N_Ratio
1.000000e+03 	 2.374830e-01 	 1.701761e-01 	  1.028691e-01 	 2.514033e-01
9.000254e+02 	 2.371336e-01 	 1.698266e-01 	  1.025197e-01 	 2.633665e-01
8.100456e+02 	 2.367044e-01 	 1.693975e-01 	  1.020905e-01 	 2.765466e-01
7.290616e+02 	 2.361780e-01 	 1.688710e-01 	  1.015640e-01 	 2.908327e-01
6.561739e+02 	 2.355332e-01 	 1.682262e-01 	  1.009192e-01 	 3.060355e-01
5.905732e+02 	 2.347450e-01 	 1.674380e-01 	  1.001310e-01 	 3.218784e-01
5.315308e+02 	 2.337840e-01 	 1.664770e-01 	  9.917003e-02 	 3.379929e-01
4.783912e+02 	 2.326160e-01 	 1.653090e-01 	  9.800203e-02 	 3.539208e-01
4.305642e+02 	 2.312022e-01 	 1.638953e-01 	  9.658828e-02 	 3.691251e-01
3.875187e+02 	 2.295002e-01 	 1.621932e-01 	  9.488622e-02 	 3.830108e-01
3.487767e+02 	 2.274653e-01 	 1.601584e-01 	  9.285140e-02 	 3.949566e-01
3.139079e+02 	 2.250555e-01 	 1.577485e-01 	  9.044152e-02 	 4.043573e-01
2.825250e+02 	 2.222377e-01 	 1.549307e-01 	  8.762374e-02 	 4.106784e-01
2.542797e+02 	 2.190013e-01 	 1.516943e-01 	  8.438731e-02 	 4.135233e-01
2.288582e+02 	 2.153784e-01 	 1.480714e-01 	  8.076448e-02 	 4.127198e-01
2.059782e+02 	 2.114772e-01 	 1.441702e-01 	  7.686322e-02 	 4.084319e-01
1.853856e+02 	 2.075292e-01 	 1.402222e-01 	  7.291526e-02 	 4.013033e-01
1.668517e+02 	 2.039522e-01 	 1.366452e-01 	  6.933827e-02 	 3.926188e-01
1.501708e+02 	 2.015667e-01 	 1.341034e-01 	  6.664021e-02 	 3.844231e-01
1.351575e+02 	 2.015698e-01 	 1.335189e-01 	  6.546788e-02 	 3.794415e-01
1.216452e+02 	 2.050315e-01 	 1.359466e-01 	  6.686174e-02 	 3.805591e-01
1.094837e+02 	 2.128260e-01 	 1.422424e-01 	  7.165884e-02 	 3.897284e-01
9.853815e+01 	 2.251570e-01 	 1.525923e-01 	  8.002759e-02 	 4.066716e-01
8.868683e+01 	 2.411721e-01 	 1.661380e-01 	  9.110393e-02 	 4.282005e-01
7.982040e+01 	 2.588534e-01 	 1.808856e-01 	  1.029178e-01 	 4.486683e-01
7.184038e+01 	 2.751763e-01 	 1.938948e-01 	  1.126134e-01 	 4.613300e-01
6.465817e+01 	 2.865128e-01 	 2.017298e-01 	  1.169468e-01 	 4.601485e-01
5.819399e+01 	 2.893819e-01 	 2.012671e-01 	  1.131524e-01 	 4.417342e-01
5.237607e+01 	 2.816146e-01 	 1.909044e-01 	  1.001942e-01 	 4.070019e-01
4.713979e+01 	 2.635926e-01 	 1.717540e-01 	  7.991534e-02 	 3.616746e-01
4.242700e+01 	 2.384117e-01 	 1.475888e-01 	  5.676595e-02 	 3.142642e-01
3.818538e+01 	 2.098342e-01 	 1.224236e-01 	  3.501292e-02 	 2.708553e-01
3.436781e+01 	 1.801447e-01 	 9.809250e-02 	  1.604031e-02 	 2.311970e-01
3.093190e+01 	 1.518454e-01 	 7.602615e-02 	  2.069028e-04 	 1.939189e-01
2.783950e+01 	 1.278325e-01 	 5.779204e-02 	  0.000000e+00 	 1.595715e-01
2.505625e+01 	 1.082839e-01 	 4.234146e-02 	  0.000000e+00 	 1.241759e-01
2.255126e+01 	 9.455809e-02 	 3.021943e-02 	  0.000000e+00 	 9.083452e-02
2.029671e+01 	 8.552657e-02 	 2.045055e-02 	  0.000000e+00 	 6.077438e-02
1.826755e+01 	 7.929577e-02 	 1.318838e-02 	  0.000000e+00 	 3.858142e-02
1.644126e+01 	 7.136089e-02 	 7.507217e-03 	  0.000000e+00 	 2.273682e-02
1.479755e+01 	 6.106517e-02 	 3.333595e-03 	  0.000000e+00 	 1.116699e-02
1.331817e+01 	 5.348075e-02 	 1.018039e-03 	  0.000000e+00 	 3.752756e-03
1.198669e+01 	 5.528654e-02 	 2.352293e-03 	  0.000000e+00 	 8.593920e-03
1.078833e+01 	 6.345791e-02 	 3.856930e-03 	  0.000000e+00 	 1.251483e-02
9.709767e+00 	 6.551276e-02 	 4.924821e-03 	  0.000000e+00 	 1.571958e-02
8.739037e+00 	 5.733600e-02 	 5.669269e-03 	  0.000000e+00 	 2.122036e-02
7.865355e+00 	 5.759396e-02 	 6.256510e-03 	  0.000000e+00 	 2.356864e-02
7.079019e+00 	 6.031037e-02 	 6.590503e-03 	  0.000000e+00 	 2.372577e-02
6.371296e+00 	 5.457654e-02 	 6.815742e-03 	  0.000000e+00 	 2.759804e-02
5.734328e+00 	 5.635750e-02 	 6.978660e-03 	  0.000000e+00 	 2.733177e-02
5.161041e+00 	 4.946077e-02 	 7.109441e-03 	  0.000000e+00 	 3.246423e-02
4.645068e+00 	 5.007728e-02 	 7.135488e-03 	  0.000000e+00 	 3.213514e-02
4.180679e+00 	 4.954840e-02 	 7.181458e-03 	  0.000000e+00 	 3.278100e-02
3.762717e+00 	 4.954840e-02 	 7.181458e-03 	  0.000000e+00 	 0.000000e+00
3.386540e+00 	 4.954840e-02 	 7.181458e-03 	  0.000000e+00 	 0.000000e+00
3.047972e+00 	 4.954840e-02 	 7.181458e-03 	  0.000000e+00 	 0.000000e+00
2.743252e+00 	 4.954840e-02 	 7.181458e-03 	  0.000000e+00 	 0.000000e+00
2.468997e+00 	 4.954840e-02 	 7.181458e-03 	  0.000000e+00 	 0.000000e+00
2.222160e+00 	 4.954840e-02 	 7.181458e-03 	  0.000000e+00 	 0.000000e+00
2.000000e+00 	 4.954840e-02 	 7.181458e-03 	  0.000000e+00 	 0.000000e+00
 
FIC-2101~TIC-2003  
  FreqPeriod(min) 	 Unc_UB 	 Bode 	 Unc_LB 	 S/N_Ratio
1.000000e+03 	 8.192388e-01 	 7.902918e-01 	  7.613448e-01 	 2.841452e+00
9.000254e+02 	 8.181903e-01 	 7.892433e-01 	  7.602963e-01 	 2.974790e+00
8.100456e+02 	 8.168958e-01 	 7.879488e-01 	  7.590018e-01 	 3.121475e+00
7.290616e+02 	 8.152973e-01 	 7.863503e-01 	  7.574033e-01 	 3.280235e+00
6.561739e+02 	 8.133236e-01 	 7.843766e-01 	  7.554296e-01 	 3.448959e+00
5.905732e+02 	 8.108865e-01 	 7.819395e-01 	  7.529925e-01 	 3.624621e+00
5.315308e+02 	 8.078771e-01 	 7.789301e-01 	  7.499831e-01 	 3.803249e+00
4.783912e+02 	 8.041613e-01 	 7.752142e-01 	  7.462672e-01 	 3.979963e+00
4.305642e+02 	 7.995733e-01 	 7.706263e-01 	  7.416793e-01 	 4.149087e+00
3.875187e+02 	 7.939094e-01 	 7.649624e-01 	  7.360154e-01 	 4.304320e+00
3.487767e+02 	 7.869191e-01 	 7.579721e-01 	  7.290251e-01 	 4.438955e+00
3.139079e+02 	 7.782956e-01 	 7.493486e-01 	  7.204016e-01 	 4.546116e+00
2.825250e+02 	 7.676652e-01 	 7.387182e-01 	  7.097712e-01 	 4.618972e+00
2.542797e+02 	 7.545764e-01 	 7.256294e-01 	  6.966824e-01 	 4.650908e+00
2.288582e+02 	 7.384903e-01 	 7.095433e-01 	  6.805963e-01 	 4.635666e+00
2.059782e+02 	 7.187762e-01 	 6.898292e-01 	  6.608822e-01 	 4.567474e+00
1.853856e+02 	 6.947186e-01 	 6.657716e-01 	  6.368246e-01 	 4.441259e+00
1.668517e+02 	 6.655459e-01 	 6.365989e-01 	  6.076519e-01 	 4.253035e+00
1.501708e+02 	 6.306337e-01 	 6.015544e-01 	  5.724750e-01 	 4.000614e+00
1.351575e+02 	 5.894277e-01 	 5.600351e-01 	  5.306424e-01 	 3.684793e+00
1.216452e+02 	 5.417389e-01 	 5.118441e-01 	  4.819492e-01 	 3.311146e+00
1.094837e+02 	 4.882030e-01 	 4.576073e-01 	  4.270117e-01 	 2.892480e+00
9.853815e+01 	 4.309086e-01 	 3.994044e-01 	  3.679002e-01 	 2.451776e+00
8.868683e+01 	 3.741800e-01 	 3.415552e-01 	  3.089305e-01 	 2.024654e+00
7.982040e+01 	 3.249887e-01 	 2.910404e-01 	  2.570922e-01 	 1.657955e+00
7.184038e+01 	 2.911917e-01 	 2.557523e-01 	  2.203130e-01 	 1.395631e+00
6.465817e+01 	 2.755678e-01 	 2.385522e-01 	  2.015365e-01 	 1.246335e+00
5.819399e+01 	 2.709576e-01 	 2.324358e-01 	  1.939140e-01 	 1.166899e+00
5.237607e+01 	 2.662954e-01 	 2.265849e-01 	  1.868744e-01 	 1.103475e+00
4.713979e+01 	 2.567046e-01 	 2.164437e-01 	  1.761829e-01 	 1.039678e+00
4.242700e+01 	 2.437928e-01 	 2.039193e-01 	  1.640459e-01 	 9.890337e-01
3.818538e+01 	 2.266254e-01 	 1.881926e-01 	  1.497599e-01 	 9.469743e-01
3.436781e+01 	 2.024638e-01 	 1.663342e-01 	  1.302046e-01 	 8.903391e-01
3.093190e+01 	 1.785521e-01 	 1.451248e-01 	  1.116975e-01 	 8.396090e-01
2.783950e+01 	 1.576179e-01 	 1.267155e-01 	  9.581320e-02 	 7.930037e-01
2.505625e+01 	 1.351517e-01 	 1.060642e-01 	  7.697659e-02 	 7.051766e-01
2.255126e+01 	 1.192180e-01 	 9.087895e-02 	  6.253987e-02 	 6.201750e-01
2.029671e+01 	 1.028535e-01 	 7.425554e-02 	  4.565758e-02 	 5.021465e-01
1.826755e+01 	 9.119693e-02 	 6.221271e-02 	  3.322849e-02 	 4.151013e-01
1.644126e+01 	 7.894614e-02 	 5.099963e-02 	  2.305312e-02 	 3.529198e-01
1.479755e+01 	 6.595179e-02 	 4.071808e-02 	  1.548437e-02 	 3.120634e-01
1.331817e+01 	 5.566846e-02 	 3.275144e-02 	  9.834414e-03 	 2.763814e-01
1.198669e+01 	 4.963460e-02 	 2.646205e-02 	  3.289505e-03 	 2.208444e-01
1.078833e+01 	 4.765002e-02 	 2.140953e-02 	  0.000000e+00 	 1.577872e-01
9.709767e+00 	 4.450610e-02 	 1.775297e-02 	  0.000000e+00 	 1.283314e-01
8.739037e+00 	 3.822269e-02 	 1.560625e-02 	  0.000000e+00 	 1.334477e-01
7.865355e+00 	 3.563221e-02 	 1.329633e-02 	  0.000000e+00 	 1.151239e-01
7.079019e+00 	 3.637869e-02 	 1.281406e-02 	  0.000000e+00 	 1.051629e-01
6.371296e+00 	 3.303752e-02 	 1.210281e-02 	  0.000000e+00 	 1.118036e-01
5.734328e+00 	 3.374529e-02 	 1.197866e-02 	  0.000000e+00 	 1.064274e-01
5.161041e+00 	 3.082756e-02 	 1.223296e-02 	  0.000000e+00 	 1.272275e-01
4.645068e+00 	 3.069053e-02 	 1.184918e-02 	  0.000000e+00 	 1.216223e-01
4.180679e+00 	 3.076799e-02 	 1.215842e-02 	  0.000000e+00 	 1.263506e-01
3.762717e+00 	 3.076799e-02 	 1.215842e-02 	  0.000000e+00 	 0.000000e+00
3.386540e+00 	 3.076799e-02 	 1.215842e-02 	  0.000000e+00 	 0.000000e+00
3.047972e+00 	 3.076799e-02 	 1.215842e-02 	  0.000000e+00 	 0.000000e+00
2.743252e+00 	 3.076799e-02 	 1.215842e-02 	  0.000000e+00 	 0.000000e+00
2.468997e+00 	 3.076799e-02 	 1.215842e-02 	  0.000000e+00 	 0.000000e+00
2.222160e+00 	 3.076799e-02 	 1.215842e-02 	  0.000000e+00 	 0.000000e+00
2.000000e+00 	 3.076799e-02 	 1.215842e-02 	  0.000000e+00 	 0.000000e+00
 
FIC-2101~FIC-2004  
  FreqPeriod(min) 	 Unc_UB 	 Bode 	 Unc_LB 	 S/N_Ratio
1.000000e+03 	 5.740790e-01 	 5.318994e-01 	  4.897198e-01 	 2.605612e+00
9.000254e+02 	 5.755395e-01 	 5.333599e-01 	  4.911804e-01 	 2.604284e+00
8.100456e+02 	 5.773330e-01 	 5.351534e-01 	  4.929738e-01 	 2.604743e+00
7.290616e+02 	 5.795325e-01 	 5.373529e-01 	  4.951733e-01 	 2.607409e+00
6.561739e+02 	 5.822259e-01 	 5.400464e-01 	  4.978668e-01 	 2.612729e+00
5.905732e+02 	 5.855180e-01 	 5.433385e-01 	  5.011589e-01 	 2.621174e+00
5.315308e+02 	 5.895326e-01 	 5.473530e-01 	  5.051734e-01 	 2.633258e+00
4.783912e+02 	 5.944142e-01 	 5.522346e-01 	  5.100550e-01 	 2.649541e+00
4.305642e+02 	 6.003294e-01 	 5.581498e-01 	  5.159703e-01 	 2.670633e+00
3.875187e+02 	 6.074665e-01 	 5.652869e-01 	  5.231073e-01 	 2.697195e+00
3.487767e+02 	 6.160323e-01 	 5.738527e-01 	  5.316731e-01 	 2.729915e+00
3.139079e+02 	 6.262458e-01 	 5.840662e-01 	  5.418866e-01 	 2.769467e+00
2.825250e+02 	 6.383257e-01 	 5.961461e-01 	  5.539665e-01 	 2.816435e+00
2.542797e+02 	 6.524693e-01 	 6.102898e-01 	  5.681102e-01 	 2.871195e+00
2.288582e+02 	 6.688201e-01 	 6.266405e-01 	  5.844609e-01 	 2.933736e+00
2.059782e+02 	 6.874183e-01 	 6.452387e-01 	  6.030591e-01 	 3.003405e+00
1.853856e+02 	 7.081315e-01 	 6.659519e-01 	  6.237723e-01 	 3.078570e+00
1.668517e+02 	 7.305597e-01 	 6.883802e-01 	  6.462006e-01 	 3.156187e+00
1.501708e+02 	 7.543306e-01 	 7.117338e-01 	  6.691370e-01 	 3.231298e+00
1.351575e+02 	 7.777892e-01 	 7.346886e-01 	  6.915879e-01 	 3.296522e+00
1.216452e+02 	 7.989433e-01 	 7.552359e-01 	  7.115286e-01 	 3.341680e+00
1.094837e+02 	 8.150033e-01 	 7.705697e-01 	  7.261361e-01 	 3.353798e+00
9.853815e+01 	 8.223842e-01 	 7.770898e-01 	  7.317954e-01 	 3.317897e+00
8.868683e+01 	 8.169460e-01 	 7.706473e-01 	  7.243486e-01 	 3.219018e+00
7.982040e+01 	 7.946338e-01 	 7.471927e-01 	  6.997515e-01 	 3.045886e+00
7.184038e+01 	 7.526387e-01 	 7.039499e-01 	  6.552612e-01 	 2.796081e+00
6.465817e+01 	 6.909954e-01 	 6.410358e-01 	  5.910762e-01 	 2.481419e+00
5.819399e+01 	 6.140340e-01 	 5.629366e-01 	  5.118393e-01 	 2.130579e+00
5.237607e+01 	 5.304196e-01 	 4.785649e-01 	  4.267101e-01 	 1.784797e+00
4.713979e+01 	 4.505678e-01 	 3.986485e-01 	  3.467292e-01 	 1.484903e+00
4.242700e+01 	 3.826751e-01 	 3.316550e-01 	  2.806349e-01 	 1.257135e+00
3.818538e+01 	 3.308638e-01 	 2.817656e-01 	  2.326673e-01 	 1.109835e+00
3.436781e+01 	 2.935735e-01 	 2.471557e-01 	  2.007380e-01 	 1.029730e+00
3.093190e+01 	 2.632086e-01 	 2.197116e-01 	  1.762145e-01 	 9.768550e-01
2.783950e+01 	 2.369578e-01 	 1.960446e-01 	  1.551314e-01 	 9.266769e-01
2.505625e+01 	 2.136640e-01 	 1.745341e-01 	  1.354042e-01 	 8.625978e-01
2.255126e+01 	 1.909632e-01 	 1.525815e-01 	  1.141997e-01 	 7.687996e-01
2.029671e+01 	 1.706784e-01 	 1.321978e-01 	  9.371728e-02 	 6.643848e-01
1.826755e+01 	 1.510176e-01 	 1.125702e-01 	  7.412284e-02 	 5.662309e-01
1.644126e+01 	 1.307601e-01 	 9.402292e-02 	  5.728571e-02 	 4.949533e-01
1.479755e+01 	 1.111518e-01 	 7.779056e-02 	  4.442930e-02 	 4.509424e-01
1.331817e+01 	 9.417900e-02 	 6.348074e-02 	  3.278247e-02 	 3.999123e-01
1.198669e+01 	 8.193414e-02 	 5.093747e-02 	  1.994080e-02 	 3.178037e-01
1.078833e+01 	 7.470768e-02 	 4.011295e-02 	  5.518225e-03 	 2.242391e-01
9.709767e+00 	 6.635627e-02 	 3.094231e-02 	  0.000000e+00 	 1.689721e-01
8.739037e+00 	 5.425219e-02 	 2.370414e-02 	  0.000000e+00 	 1.500642e-01
7.865355e+00 	 4.767122e-02 	 1.757074e-02 	  0.000000e+00 	 1.128894e-01
7.079019e+00 	 4.467161e-02 	 1.303862e-02 	  0.000000e+00 	 7.971282e-02
6.371296e+00 	 3.761507e-02 	 9.550335e-03 	  0.000000e+00 	 6.581037e-02
5.734328e+00 	 3.651860e-02 	 7.418132e-03 	  0.000000e+00 	 4.929822e-02
5.161041e+00 	 3.101260e-02 	 6.306523e-03 	  0.000000e+00 	 4.936542e-02
4.645068e+00 	 3.147566e-02 	 6.207594e-03 	  0.000000e+00 	 4.751033e-02
4.180679e+00 	 3.101794e-02 	 6.194562e-03 	  0.000000e+00 	 4.825990e-02
3.762717e+00 	 3.101794e-02 	 6.194562e-03 	  0.000000e+00 	 0.000000e+00
3.386540e+00 	 3.101794e-02 	 6.194562e-03 	  0.000000e+00 	 0.000000e+00
3.047972e+00 	 3.101794e-02 	 6.194562e-03 	  0.000000e+00 	 0.000000e+00
2.743252e+00 	 3.101794e-02 	 6.194562e-03 	  0.000000e+00 	 0.000000e+00
2.468997e+00 	 3.101794e-02 	 6.194562e-03 	  0.000000e+00 	 0.000000e+00
2.222160e+00 	 3.101794e-02 	 6.194562e-03 	  0.000000e+00 	 0.000000e+00
2.000000e+00 	 3.101794e-02 	 6.194562e-03 	  0.000000e+00 	 0.000000e+00
 
FIC-2101~FI-2005  
  FreqPeriod(min) 	 Unc_UB 	 Bode 	 Unc_LB 	 S/N_Ratio
1.000000e+03 	 5.869832e-01 	 5.361351e-01 	  4.852870e-01 	 1.678101e+00
9.000254e+02 	 5.872883e-01 	 5.364402e-01 	  4.855921e-01 	 1.709347e+00
8.100456e+02 	 5.876553e-01 	 5.368072e-01 	  4.859591e-01 	 1.741225e+00
7.290616e+02 	 5.880938e-01 	 5.372457e-01 	  4.863976e-01 	 1.773145e+00
6.561739e+02 	 5.886135e-01 	 5.377653e-01 	  4.869172e-01 	 1.804554e+00
5.905732e+02 	 5.892222e-01 	 5.383741e-01 	  4.875260e-01 	 1.834974e+00
5.315308e+02 	 5.899250e-01 	 5.390769e-01 	  4.882288e-01 	 1.864037e+00
4.783912e+02 	 5.907201e-01 	 5.398720e-01 	  4.890239e-01 	 1.891493e+00
4.305642e+02 	 5.915944e-01 	 5.407463e-01 	  4.898982e-01 	 1.917195e+00
3.875187e+02 	 5.925163e-01 	 5.416682e-01 	  4.908201e-01 	 1.941059e+00
3.487767e+02 	 5.934255e-01 	 5.425774e-01 	  4.917293e-01 	 1.963005e+00
3.139079e+02 	 5.942178e-01 	 5.433697e-01 	  4.925216e-01 	 1.982877e+00
2.825250e+02 	 5.947264e-01 	 5.438783e-01 	  4.930302e-01 	 2.000337e+00
2.542797e+02 	 5.946961e-01 	 5.438480e-01 	  4.929999e-01 	 2.014746e+00
2.288582e+02 	 5.937532e-01 	 5.429051e-01 	  4.920570e-01 	 2.025013e+00
2.059782e+02 	 5.913724e-01 	 5.405243e-01 	  4.896762e-01 	 2.029429e+00
1.853856e+02 	 5.868447e-01 	 5.359966e-01 	  4.851485e-01 	 2.025485e+00
1.668517e+02 	 5.792593e-01 	 5.284112e-01 	  4.775630e-01 	 2.009712e+00
1.501708e+02 	 5.671908e-01 	 5.166652e-01 	  4.661396e-01 	 1.977581e+00
1.351575e+02 	 5.497530e-01 	 4.995310e-01 	  4.493090e-01 	 1.923556e+00
1.216452e+02 	 5.257824e-01 	 4.758121e-01 	  4.258418e-01 	 1.841450e+00
1.094837e+02 	 4.944669e-01 	 4.446278e-01 	  3.947888e-01 	 1.725296e+00
9.853815e+01 	 4.558028e-01 	 4.058437e-01 	  3.558846e-01 	 1.571018e+00
8.868683e+01 	 4.111651e-01 	 3.605992e-01 	  3.100333e-01 	 1.379124e+00
7.982040e+01 	 3.637692e-01 	 3.117124e-01 	  2.596557e-01 	 1.158015e+00
7.184038e+01 	 3.184693e-01 	 2.634278e-01 	  2.083863e-01 	 9.255670e-01
6.465817e+01 	 2.800906e-01 	 2.197587e-01 	  1.594267e-01 	 7.044257e-01
5.819399e+01 	 2.504971e-01 	 1.817091e-01 	  1.129212e-01 	 5.108588e-01
5.237607e+01 	 2.276232e-01 	 1.466178e-01 	  6.561248e-02 	 3.500336e-01
4.713979e+01 	 2.094249e-01 	 1.124676e-01 	  1.551025e-02 	 2.243279e-01
4.242700e+01 	 1.973932e-01 	 8.159766e-02 	  0.000000e+00 	 1.362769e-01
3.818538e+01 	 1.914396e-01 	 5.541607e-02 	  0.000000e+00 	 7.878765e-02
3.436781e+01 	 1.893334e-01 	 3.327257e-02 	  0.000000e+00 	 4.123149e-02
3.093190e+01 	 2.048883e-01 	 3.008683e-02 	  0.000000e+00 	 3.328649e-02
2.783950e+01 	 2.316814e-01 	 4.002194e-02 	  0.000000e+00 	 4.038355e-02
2.505625e+01 	 2.593001e-01 	 5.331126e-02 	  0.000000e+00 	 5.005089e-02
2.255126e+01 	 2.789458e-01 	 6.294317e-02 	  0.000000e+00 	 5.635418e-02
2.029671e+01 	 2.878547e-01 	 7.048883e-02 	  0.000000e+00 	 6.271415e-02
1.826755e+01 	 2.767796e-01 	 7.312708e-02 	  0.000000e+00 	 6.944245e-02
1.644126e+01 	 2.516380e-01 	 7.446650e-02 	  0.000000e+00 	 8.128375e-02
1.479755e+01 	 2.377105e-01 	 7.345827e-02 	  0.000000e+00 	 8.649002e-02
1.331817e+01 	 2.530741e-01 	 7.028908e-02 	  0.000000e+00 	 7.436761e-02
1.198669e+01 	 2.799921e-01 	 6.596088e-02 	  0.000000e+00 	 5.959997e-02
1.078833e+01 	 2.866009e-01 	 6.095298e-02 	  0.000000e+00 	 5.223964e-02
9.709767e+00 	 2.290126e-01 	 5.525181e-02 	  0.000000e+00 	 6.149379e-02
8.739037e+00 	 1.982603e-01 	 4.888356e-02 	  0.000000e+00 	 6.328730e-02
7.865355e+00 	 2.135793e-01 	 4.326376e-02 	  0.000000e+00 	 4.912546e-02
7.079019e+00 	 1.704554e-01 	 3.669251e-02 	  0.000000e+00 	 5.304914e-02
6.371296e+00 	 1.618153e-01 	 3.049807e-02 	  0.000000e+00 	 4.491458e-02
5.734328e+00 	 1.495318e-01 	 2.430554e-02 	  0.000000e+00 	 3.753585e-02
5.161041e+00 	 1.190612e-01 	 1.832873e-02 	  0.000000e+00 	 3.518841e-02
4.645068e+00 	 1.011887e-01 	 1.229125e-02 	  0.000000e+00 	 2.673891e-02
4.180679e+00 	 9.699292e-02 	 7.587806e-03 	  0.000000e+00 	 1.641310e-02
3.762717e+00 	 9.699292e-02 	 7.587806e-03 	  0.000000e+00 	 0.000000e+00
3.386540e+00 	 9.699292e-02 	 7.587806e-03 	  0.000000e+00 	 0.000000e+00
3.047972e+00 	 9.699292e-02 	 7.587806e-03 	  0.000000e+00 	 0.000000e+00
2.743252e+00 	 9.699292e-02 	 7.587806e-03 	  0.000000e+00 	 0.000000e+00
2.468997e+00 	 9.699292e-02 	 7.587806e-03 	  0.000000e+00 	 0.000000e+00
2.222160e+00 	 9.699292e-02 	 7.587806e-03 	  0.000000e+00 	 0.000000e+00
2.000000e+00 	 9.699292e-02 	 7.587806e-03 	  0.000000e+00 	 0.000000e+00
 
FIC-2102~FIC-2001  
  FreqPeriod(min) 	 Unc_UB 	 Bode 	 Unc_LB 	 S/N_Ratio
1.000000e+03 	 5.496835e-01 	 5.203403e-01 	  4.909971e-01 	 1.325735e+00
9.000254e+02 	 5.489524e-01 	 5.196092e-01 	  4.902660e-01 	 1.431770e+00
8.100456e+02 	 5.480518e-01 	 5.187086e-01 	  4.893654e-01 	 1.547021e+00
7.290616e+02 	 5.469427e-01 	 5.175995e-01 	  4.882564e-01 	 1.670913e+00
6.561739e+02 	 5.455779e-01 	 5.162347e-01 	  4.868915e-01 	 1.802445e+00
5.905732e+02 	 5.438995e-01 	 5.145563e-01 	  4.852132e-01 	 1.940105e+00
5.315308e+02 	 5.418375e-01 	 5.124943e-01 	  4.831511e-01 	 2.081798e+00
4.783912e+02 	 5.393068e-01 	 5.099636e-01 	  4.806205e-01 	 2.224796e+00
4.305642e+02 	 5.362056e-01 	 5.068624e-01 	  4.775192e-01 	 2.365716e+00
3.875187e+02 	 5.324116e-01 	 5.030684e-01 	  4.737252e-01 	 2.500565e+00
3.487767e+02 	 5.277803e-01 	 4.984371e-01 	  4.690939e-01 	 2.624832e+00
3.139079e+02 	 5.221421e-01 	 4.927989e-01 	  4.634558e-01 	 2.733648e+00
2.825250e+02 	 5.153014e-01 	 4.859582e-01 	  4.566150e-01 	 2.821997e+00
2.542797e+02 	 5.070366e-01 	 4.776935e-01 	  4.483503e-01 	 2.884965e+00
2.288582e+02 	 4.971044e-01 	 4.677612e-01 	  4.384181e-01 	 2.918011e+00
2.059782e+02 	 4.852481e-01 	 4.559050e-01 	  4.265618e-01 	 2.917252e+00
1.853856e+02 	 4.712150e-01 	 4.418718e-01 	  4.125286e-01 	 2.879767e+00
1.668517e+02 	 4.547844e-01 	 4.254413e-01 	  3.960981e-01 	 2.803942e+00
1.501708e+02 	 4.356934e-01 	 4.064698e-01 	  3.772462e-01 	 2.689869e+00
1.351575e+02 	 4.142672e-01 	 3.849552e-01 	  3.556433e-01 	 2.539816e+00
1.216452e+02 	 3.907295e-01 	 3.611211e-01 	  3.315126e-01 	 2.358705e+00
1.094837e+02 	 3.656270e-01 	 3.355106e-01 	  3.053942e-01 	 2.154466e+00
9.853815e+01 	 3.398961e-01 	 3.090551e-01 	  2.782141e-01 	 1.937957e+00
8.868683e+01 	 3.148239e-01 	 2.830363e-01 	  2.512487e-01 	 1.721954e+00
7.982040e+01 	 2.917741e-01 	 2.588152e-01 	  2.258564e-01 	 1.518640e+00
7.184038e+01 	 2.715823e-01 	 2.372319e-01 	  2.028815e-01 	 1.335605e+00
6.465817e+01 	 2.537972e-01 	 2.178529e-01 	  1.819086e-01 	 1.172115e+00
5.819399e+01 	 2.363957e-01 	 1.986964e-01 	  1.609971e-01 	 1.019279e+00
5.237607e+01 	 2.166616e-01 	 1.771228e-01 	  1.375840e-01 	 8.663379e-01
4.713979e+01 	 1.931472e-01 	 1.518090e-01 	  1.104708e-01 	 7.102039e-01
4.242700e+01 	 1.675584e-01 	 1.246385e-01 	  8.171852e-02 	 5.616033e-01
3.818538e+01 	 1.443738e-01 	 1.003000e-01 	  5.622612e-02 	 4.401051e-01
3.436781e+01 	 1.261967e-01 	 8.157495e-02 	  3.695322e-02 	 3.535469e-01
3.093190e+01 	 1.103796e-01 	 6.584834e-02 	  2.131703e-02 	 2.859671e-01
2.783950e+01 	 9.639249e-02 	 5.236197e-02 	  8.331453e-03 	 2.299846e-01
2.505625e+01 	 8.770425e-02 	 4.408955e-02 	  4.748556e-04 	 1.954967e-01
2.255126e+01 	 8.057725e-02 	 3.674835e-02 	  0.000000e+00 	 1.621489e-01
2.029671e+01 	 7.675604e-02 	 3.193812e-02 	  0.000000e+00 	 1.378143e-01
1.826755e+01 	 7.346601e-02 	 2.750180e-02 	  0.000000e+00 	 1.157119e-01
1.644126e+01 	 7.112440e-02 	 2.484250e-02 	  0.000000e+00 	 1.038056e-01
1.479755e+01 	 6.754361e-02 	 2.188910e-02 	  0.000000e+00 	 9.272158e-02
1.331817e+01 	 6.464547e-02 	 1.927440e-02 	  0.000000e+00 	 8.215588e-02
1.198669e+01 	 6.316202e-02 	 1.713420e-02 	  0.000000e+00 	 7.199128e-02
1.078833e+01 	 5.990886e-02 	 1.525983e-02 	  0.000000e+00 	 6.609588e-02
9.709767e+00 	 5.401791e-02 	 1.367378e-02 	  0.000000e+00 	 6.554583e-02
8.739037e+00 	 4.939504e-02 	 1.223385e-02 	  0.000000e+00 	 6.366637e-02
7.865355e+00 	 4.477687e-02 	 1.047029e-02 	  0.000000e+00 	 5.902251e-02
7.079019e+00 	 3.950442e-02 	 9.373386e-03 	  0.000000e+00 	 6.016156e-02
6.371296e+00 	 3.664582e-02 	 8.128088e-03 	  0.000000e+00 	 5.512011e-02
5.734328e+00 	 3.286506e-02 	 7.015537e-03 	  0.000000e+00 	 5.248618e-02
5.161041e+00 	 3.312641e-02 	 6.070269e-03 	  0.000000e+00 	 4.338890e-02
4.645068e+00 	 3.334250e-02 	 5.138997e-03 	  0.000000e+00 	 3.523806e-02
4.180679e+00 	 3.306584e-02 	 4.798583e-03 	  0.000000e+00 	 3.282963e-02
3.762717e+00 	 3.306584e-02 	 4.798583e-03 	  0.000000e+00 	 0.000000e+00
3.386540e+00 	 3.306584e-02 	 4.798583e-03 	  0.000000e+00 	 0.000000e+00
3.047972e+00 	 3.306584e-02 	 4.798583e-03 	  0.000000e+00 	 0.000000e+00
2.743252e+00 	 3.306584e-02 	 4.798583e-03 	  0.000000e+00 	 0.000000e+00
2.468997e+00 	 3.306584e-02 	 4.798583e-03 	  0.000000e+00 	 0.000000e+00
2.222160e+00 	 3.306584e-02 	 4.798583e-03 	  0.000000e+00 	 0.000000e+00
2.000000e+00 	 3.306584e-02 	 4.798583e-03 	  0.000000e+00 	 0.000000e+00
 
FIC-2102~FIC-2002  
  FreqPeriod(min) 	 Unc_UB 	 Bode 	 Unc_LB 	 S/N_Ratio
1.000000e+03 	 1.272292e+00 	 1.227226e+00 	  1.182159e+00 	 2.209996e+00
9.000254e+02 	 1.272024e+00 	 1.226957e+00 	  1.181890e+00 	 2.383791e+00
8.100456e+02 	 1.271692e+00 	 1.226625e+00 	  1.181558e+00 	 2.572078e+00
7.290616e+02 	 1.271283e+00 	 1.226216e+00 	  1.181149e+00 	 2.773806e+00
6.561739e+02 	 1.270778e+00 	 1.225711e+00 	  1.180644e+00 	 2.987301e+00
5.905732e+02 	 1.270156e+00 	 1.225089e+00 	  1.180022e+00 	 3.210192e+00
5.315308e+02 	 1.269389e+00 	 1.224322e+00 	  1.179255e+00 	 3.439380e+00
4.783912e+02 	 1.268443e+00 	 1.223377e+00 	  1.178310e+00 	 3.671058e+00
4.305642e+02 	 1.267280e+00 	 1.222213e+00 	  1.177146e+00 	 3.900800e+00
3.875187e+02 	 1.265848e+00 	 1.220781e+00 	  1.175715e+00 	 4.123724e+00
3.487767e+02 	 1.264090e+00 	 1.219023e+00 	  1.173956e+00 	 4.334709e+00
3.139079e+02 	 1.261933e+00 	 1.216866e+00 	  1.171799e+00 	 4.528662e+00
2.825250e+02 	 1.259294e+00 	 1.214227e+00 	  1.169160e+00 	 4.700762e+00
2.542797e+02 	 1.256076e+00 	 1.211009e+00 	  1.165942e+00 	 4.846691e+00
2.288582e+02 	 1.252168e+00 	 1.207101e+00 	  1.162034e+00 	 4.962781e+00
2.059782e+02 	 1.247450e+00 	 1.202383e+00 	  1.157316e+00 	 5.046104e+00
1.853856e+02 	 1.241798e+00 	 1.196732e+00 	  1.151665e+00 	 5.094511e+00
1.668517e+02 	 1.235092e+00 	 1.190025e+00 	  1.144958e+00 	 5.106635e+00
1.501708e+02 	 1.227142e+00 	 1.182155e+00 	  1.137168e+00 	 5.081890e+00
1.351575e+02 	 1.218206e+00 	 1.173021e+00 	  1.127835e+00 	 5.020450e+00
1.216452e+02 	 1.208162e+00 	 1.162497e+00 	  1.116831e+00 	 4.923123e+00
1.094837e+02 	 1.196754e+00 	 1.150321e+00 	  1.103887e+00 	 4.790976e+00
9.853815e+01 	 1.183349e+00 	 1.135849e+00 	  1.088349e+00 	 4.624500e+00
8.868683e+01 	 1.166498e+00 	 1.117623e+00 	  1.068748e+00 	 4.422265e+00
7.982040e+01 	 1.143350e+00 	 1.092785e+00 	  1.042219e+00 	 4.179404e+00
7.184038e+01 	 1.109204e+00 	 1.056636e+00 	  1.004067e+00 	 3.887175e+00
6.465817e+01 	 1.057825e+00 	 1.002964e+00 	  9.481034e-01 	 3.535580e+00
5.819399e+01 	 9.834188e-01 	 9.260345e-01 	  8.686501e-01 	 3.120832e+00
5.237607e+01 	 8.846769e-01 	 8.246465e-01 	  7.646160e-01 	 2.656641e+00
4.713979e+01 	 7.691918e-01 	 7.065726e-01 	  6.439533e-01 	 2.182155e+00
4.242700e+01 	 6.526961e-01 	 5.878024e-01 	  5.229087e-01 	 1.751722e+00
3.818538e+01 	 5.478479e-01 	 4.812990e-01 	  4.147502e-01 	 1.398657e+00
3.436781e+01 	 4.551919e-01 	 3.878649e-01 	  3.205380e-01 	 1.114110e+00
3.093190e+01 	 3.764955e-01 	 3.093115e-01 	  2.421275e-01 	 8.903624e-01
2.783950e+01 	 3.158595e-01 	 2.494059e-01 	  1.829522e-01 	 7.258127e-01
2.505625e+01 	 2.650119e-01 	 1.991587e-01 	  1.333055e-01 	 5.848698e-01
2.255126e+01 	 2.281532e-01 	 1.619881e-01 	  9.582299e-02 	 4.734681e-01
2.029671e+01 	 1.982363e-01 	 1.306417e-01 	  6.304715e-02 	 3.737720e-01
1.826755e+01 	 1.772296e-01 	 1.079631e-01 	  3.869664e-02 	 3.014317e-01
1.644126e+01 	 1.586247e-01 	 8.881224e-02 	  1.899979e-02 	 2.460235e-01
1.479755e+01 	 1.423223e-01 	 7.318566e-02 	  4.049011e-03 	 2.047172e-01
1.331817e+01 	 1.300860e-01 	 6.104621e-02 	  0.000000e+00 	 1.709999e-01
1.198669e+01 	 1.211945e-01 	 5.124643e-02 	  0.000000e+00 	 1.416852e-01
1.078833e+01 	 1.103399e-01 	 4.314769e-02 	  0.000000e+00 	 1.241867e-01
9.709767e+00 	 9.694314e-02 	 3.669874e-02 	  0.000000e+00 	 1.178070e-01
8.739037e+00 	 8.723121e-02 	 3.145771e-02 	  0.000000e+00 	 1.090777e-01
7.865355e+00 	 7.792791e-02 	 2.619512e-02 	  0.000000e+00 	 9.792448e-02
7.079019e+00 	 6.773681e-02 	 2.253840e-02 	  0.000000e+00 	 9.643544e-02
6.371296e+00 	 6.216322e-02 	 1.922211e-02 	  0.000000e+00 	 8.656937e-02
5.734328e+00 	 5.510184e-02 	 1.628068e-02 	  0.000000e+00 	 8.110370e-02
5.161041e+00 	 5.428188e-02 	 1.357586e-02 	  0.000000e+00 	 6.449787e-02
4.645068e+00 	 5.468529e-02 	 1.202259e-02 	  0.000000e+00 	 5.449873e-02
4.180679e+00 	 5.338793e-02 	 1.082753e-02 	  0.000000e+00 	 4.919948e-02
3.762717e+00 	 5.338793e-02 	 1.082753e-02 	  0.000000e+00 	 0.000000e+00
3.386540e+00 	 5.338793e-02 	 1.082753e-02 	  0.000000e+00 	 0.000000e+00
3.047972e+00 	 5.338793e-02 	 1.082753e-02 	  0.000000e+00 	 0.000000e+00
2.743252e+00 	 5.338793e-02 	 1.082753e-02 	  0.000000e+00 	 0.000000e+00
2.468997e+00 	 5.338793e-02 	 1.082753e-02 	  0.000000e+00 	 0.000000e+00
2.222160e+00 	 5.338793e-02 	 1.082753e-02 	  0.000000e+00 	 0.000000e+00
2.000000e+00 	 5.338793e-02 	 1.082753e-02 	  0.000000e+00 	 0.000000e+00
 
FIC-2102~TIC-2003  
  FreqPeriod(min) 	 Unc_UB 	 Bode 	 Unc_LB 	 S/N_Ratio
1.000000e+03 	 8.473697e-01 	 8.279875e-01 	  8.086054e-01 	 3.628870e+00
9.000254e+02 	 8.482271e-01 	 8.288450e-01 	  8.094629e-01 	 3.913840e+00
8.100456e+02 	 8.492702e-01 	 8.298881e-01 	  8.105059e-01 	 4.222720e+00
7.290616e+02 	 8.505346e-01 	 8.311525e-01 	  8.117704e-01 	 4.553974e+00
6.561739e+02 	 8.520607e-01 	 8.326785e-01 	  8.132964e-01 	 4.905162e+00
5.905732e+02 	 8.538922e-01 	 8.345101e-01 	  8.151280e-01 	 5.272866e+00
5.315308e+02 	 8.560754e-01 	 8.366933e-01 	  8.173112e-01 	 5.652673e+00
4.783912e+02 	 8.586550e-01 	 8.392729e-01 	  8.198907e-01 	 6.039236e+00
4.305642e+02 	 8.616692e-01 	 8.422871e-01 	  8.229049e-01 	 6.426412e+00
3.875187e+02 	 8.651411e-01 	 8.457590e-01 	  8.263768e-01 	 6.807446e+00
3.487767e+02 	 8.690660e-01 	 8.496839e-01 	  8.303018e-01 	 7.175189e+00
3.139079e+02 	 8.733938e-01 	 8.540116e-01 	  8.346295e-01 	 7.522244e+00
2.825250e+02 	 8.780044e-01 	 8.586223e-01 	  8.392401e-01 	 7.841021e+00
2.542797e+02 	 8.826786e-01 	 8.632965e-01 	  8.439144e-01 	 8.123631e+00
2.288582e+02 	 8.870631e-01 	 8.676809e-01 	  8.482988e-01 	 8.361629e+00
2.059782e+02 	 8.906368e-01 	 8.712546e-01 	  8.518725e-01 	 8.545722e+00
1.853856e+02 	 8.926889e-01 	 8.733067e-01 	  8.539246e-01 	 8.665578e+00
1.668517e+02 	 8.923266e-01 	 8.729445e-01 	  8.535623e-01 	 8.710070e+00
1.501708e+02 	 8.885521e-01 	 8.691610e-01 	  8.497698e-01 	 8.668286e+00
1.351575e+02 	 8.805204e-01 	 8.610038e-01 	  8.414872e-01 	 8.531739e+00
1.216452e+02 	 8.676478e-01 	 8.478872e-01 	  8.281265e-01 	 8.298009e+00
1.094837e+02 	 8.501892e-01 	 8.300618e-01 	  8.099344e-01 	 7.975537e+00
9.853815e+01 	 8.297711e-01 	 8.091488e-01 	  7.885266e-01 	 7.588032e+00
8.868683e+01 	 8.096546e-01 	 7.884038e-01 	  7.671530e-01 	 7.174801e+00
7.982040e+01 	 7.940652e-01 	 7.720482e-01 	  7.500312e-01 	 6.781447e+00
7.184038e+01 	 7.859853e-01 	 7.630649e-01 	  7.401444e-01 	 6.438367e+00
6.465817e+01 	 7.840933e-01 	 7.601415e-01 	  7.361897e-01 	 6.137524e+00
5.819399e+01 	 7.816087e-01 	 7.565215e-01 	  7.314343e-01 	 5.831851e+00
5.237607e+01 	 7.695362e-01 	 7.432565e-01 	  7.169768e-01 	 5.469592e+00
4.713979e+01 	 7.426255e-01 	 7.151740e-01 	  6.877226e-01 	 5.038289e+00
4.242700e+01 	 7.022145e-01 	 6.737246e-01 	  6.452347e-01 	 4.573279e+00
3.818538e+01 	 6.525871e-01 	 6.233269e-01 	  5.940668e-01 	 4.119794e+00
3.436781e+01 	 5.976620e-01 	 5.680163e-01 	  5.383706e-01 	 3.705405e+00
3.093190e+01 	 5.426749e-01 	 5.130547e-01 	  4.834345e-01 	 3.349752e+00
2.783950e+01 	 4.900709e-01 	 4.607511e-01 	  4.314313e-01 	 3.039081e+00
2.505625e+01 	 4.405856e-01 	 4.115374e-01 	  3.824892e-01 	 2.739850e+00
2.255126e+01 	 3.962344e-01 	 3.670908e-01 	  3.379473e-01 	 2.435945e+00
2.029671e+01 	 3.560222e-01 	 3.263174e-01 	  2.966127e-01 	 2.124473e+00
1.826755e+01 	 3.200136e-01 	 2.896443e-01 	  2.592750e-01 	 1.844449e+00
1.644126e+01 	 2.874196e-01 	 2.568652e-01 	  2.263107e-01 	 1.625800e+00
1.479755e+01 	 2.573197e-01 	 2.271010e-01 	  1.968823e-01 	 1.453382e+00
1.331817e+01 	 2.303596e-01 	 2.002013e-01 	  1.700430e-01 	 1.283798e+00
1.198669e+01 	 2.065389e-01 	 1.759183e-01 	  1.452978e-01 	 1.111053e+00
1.078833e+01 	 1.834905e-01 	 1.539078e-01 	  1.243251e-01 	 1.006143e+00
9.709767e+00 	 1.603874e-01 	 1.337859e-01 	  1.071845e-01 	 9.726170e-01
8.739037e+00 	 1.394981e-01 	 1.150840e-01 	  9.066988e-02 	 9.116130e-01
7.865355e+00 	 1.204620e-01 	 9.795415e-02 	  7.544627e-02 	 8.416373e-01
7.079019e+00 	 1.015126e-01 	 8.168593e-02 	  6.185930e-02 	 7.967737e-01
6.371296e+00 	 8.519772e-02 	 6.637559e-02 	  4.755346e-02 	 6.819873e-01
5.734328e+00 	 6.869450e-02 	 5.158178e-02 	  3.446906e-02 	 5.829268e-01
5.161041e+00 	 5.495883e-02 	 3.708660e-02 	  1.921437e-02 	 4.013054e-01
4.645068e+00 	 4.127837e-02 	 2.255948e-02 	  3.840592e-03 	 2.330696e-01
4.180679e+00 	 2.675643e-02 	 8.061890e-03 	  0.000000e+00 	 8.339857e-02
3.762717e+00 	 2.675643e-02 	 8.061890e-03 	  0.000000e+00 	 0.000000e+00
3.386540e+00 	 2.675643e-02 	 8.061890e-03 	  0.000000e+00 	 0.000000e+00
3.047972e+00 	 2.675643e-02 	 8.061890e-03 	  0.000000e+00 	 0.000000e+00
2.743252e+00 	 2.675643e-02 	 8.061890e-03 	  0.000000e+00 	 0.000000e+00
2.468997e+00 	 2.675643e-02 	 8.061890e-03 	  0.000000e+00 	 0.000000e+00
2.222160e+00 	 2.675643e-02 	 8.061890e-03 	  0.000000e+00 	 0.000000e+00
2.000000e+00 	 2.675643e-02 	 8.061890e-03 	  0.000000e+00 	 0.000000e+00
 
FIC-2102~FIC-2004  
  FreqPeriod(min) 	 Unc_UB 	 Bode 	 Unc_LB 	 S/N_Ratio
1.000000e+03 	 6.085942e-01 	 5.803518e-01 	  5.521095e-01 	 3.465503e+00
9.000254e+02 	 6.083742e-01 	 5.801319e-01 	  5.518895e-01 	 3.548780e+00
8.100456e+02 	 6.081081e-01 	 5.798658e-01 	  5.516235e-01 	 3.625142e+00
7.290616e+02 	 6.077881e-01 	 5.795458e-01 	  5.513035e-01 	 3.693673e+00
6.561739e+02 	 6.074058e-01 	 5.791635e-01 	  5.509212e-01 	 3.753851e+00
5.905732e+02 	 6.069530e-01 	 5.787107e-01 	  5.504684e-01 	 3.805508e+00
5.315308e+02 	 6.064230e-01 	 5.781807e-01 	  5.499384e-01 	 3.848761e+00
4.783912e+02 	 6.058122e-01 	 5.775699e-01 	  5.493276e-01 	 3.883945e+00
4.305642e+02 	 6.051232e-01 	 5.768809e-01 	  5.486386e-01 	 3.911553e+00
3.875187e+02 	 6.043697e-01 	 5.761274e-01 	  5.478851e-01 	 3.932195e+00
3.487767e+02 	 6.035831e-01 	 5.753408e-01 	  5.470985e-01 	 3.946592e+00
3.139079e+02 	 6.028231e-01 	 5.745808e-01 	  5.463385e-01 	 3.955598e+00
2.825250e+02 	 6.021917e-01 	 5.739494e-01 	  5.457071e-01 	 3.960268e+00
2.542797e+02 	 6.018524e-01 	 5.736101e-01 	  5.453678e-01 	 3.961966e+00
2.288582e+02 	 6.020530e-01 	 5.738107e-01 	  5.455684e-01 	 3.962496e+00
2.059782e+02 	 6.031504e-01 	 5.749081e-01 	  5.466658e-01 	 3.964251e+00
1.853856e+02 	 6.056300e-01 	 5.773877e-01 	  5.491454e-01 	 3.970303e+00
1.668517e+02 	 6.101047e-01 	 5.818624e-01 	  5.536201e-01 	 3.984343e+00
1.501708e+02 	 6.174337e-01 	 5.890286e-01 	  5.606235e-01 	 4.010302e+00
1.351575e+02 	 6.281646e-01 	 5.995460e-01 	  5.709273e-01 	 4.051444e+00
1.216452e+02 	 6.427020e-01 	 6.138112e-01 	  5.849204e-01 	 4.108774e+00
1.094837e+02 	 6.608467e-01 	 6.316160e-01 	  6.023853e-01 	 4.178788e+00
9.853815e+01 	 6.813771e-01 	 6.517280e-01 	  6.220788e-01 	 4.250998e+00
8.868683e+01 	 7.016574e-01 	 6.714997e-01 	  6.413421e-01 	 4.306108e+00
7.982040e+01 	 7.174470e-01 	 6.866792e-01 	  6.559114e-01 	 4.316120e+00
7.184038e+01 	 7.231422e-01 	 6.916527e-01 	  6.601633e-01 	 4.247755e+00
6.465817e+01 	 7.127117e-01 	 6.803843e-01 	  6.480568e-01 	 4.070236e+00
5.819399e+01 	 6.815245e-01 	 6.482476e-01 	  6.149707e-01 	 3.767335e+00
5.237607e+01 	 6.288897e-01 	 5.945731e-01 	  5.602565e-01 	 3.350718e+00
4.713979e+01 	 5.601438e-01 	 5.247431e-01 	  4.893425e-01 	 2.866633e+00
4.242700e+01 	 4.856869e-01 	 4.492326e-01 	  4.127783e-01 	 2.383193e+00
3.818538e+01 	 4.151330e-01 	 3.777527e-01 	  3.403725e-01 	 1.954349e+00
3.436781e+01 	 3.520979e-01 	 3.140104e-01 	  2.759228e-01 	 1.594402e+00
3.093190e+01 	 2.981877e-01 	 2.596446e-01 	  2.211016e-01 	 1.302777e+00
2.783950e+01 	 2.549840e-01 	 2.161661e-01 	  1.773481e-01 	 1.076940e+00
2.505625e+01 	 2.193933e-01 	 1.803164e-01 	  1.412395e-01 	 8.923838e-01
2.255126e+01 	 1.915325e-01 	 1.520612e-01 	  1.125898e-01 	 7.450283e-01
2.029671e+01 	 1.687966e-01 	 1.288268e-01 	  8.885702e-02 	 6.233199e-01
1.826755e+01 	 1.507944e-01 	 1.105097e-01 	  7.022507e-02 	 5.305147e-01
1.644126e+01 	 1.352507e-01 	 9.508524e-02 	  5.491974e-02 	 4.578219e-01
1.479755e+01 	 1.223250e-01 	 8.237308e-02 	  4.242117e-02 	 3.987351e-01
1.331817e+01 	 1.122882e-01 	 7.188990e-02 	  3.149166e-02 	 3.441454e-01
1.198669e+01 	 1.039876e-01 	 6.302814e-02 	  2.206869e-02 	 2.975891e-01
1.078833e+01 	 9.443757e-02 	 5.543658e-02 	  1.643559e-02 	 2.748891e-01
9.709767e+00 	 8.415554e-02 	 4.894238e-02 	  1.372923e-02 	 2.687923e-01
8.739037e+00 	 7.646167e-02 	 4.348548e-02 	  1.050929e-02 	 2.550237e-01
7.865355e+00 	 6.891554e-02 	 3.858326e-02 	  8.250985e-03 	 2.459974e-01
7.079019e+00 	 6.114332e-02 	 3.452820e-02 	  7.913081e-03 	 2.508893e-01
6.371296e+00 	 5.616838e-02 	 3.093574e-02 	  5.703099e-03 	 2.371016e-01
5.734328e+00 	 5.085349e-02 	 2.797498e-02 	  5.096481e-03 	 2.364715e-01
5.161041e+00 	 4.938823e-02 	 2.564196e-02 	  1.895693e-03 	 2.088298e-01
4.645068e+00 	 4.893865e-02 	 2.383481e-02 	  0.000000e+00 	 1.836151e-01
4.180679e+00 	 4.789926e-02 	 2.296253e-02 	  0.000000e+00 	 1.780808e-01
3.762717e+00 	 4.789926e-02 	 2.296253e-02 	  0.000000e+00 	 0.000000e+00
3.386540e+00 	 4.789926e-02 	 2.296253e-02 	  0.000000e+00 	 0.000000e+00
3.047972e+00 	 4.789926e-02 	 2.296253e-02 	  0.000000e+00 	 0.000000e+00
2.743252e+00 	 4.789926e-02 	 2.296253e-02 	  0.000000e+00 	 0.000000e+00
2.468997e+00 	 4.789926e-02 	 2.296253e-02 	  0.000000e+00 	 0.000000e+00
2.222160e+00 	 4.789926e-02 	 2.296253e-02 	  0.000000e+00 	 0.000000e+00
2.000000e+00 	 4.789926e-02 	 2.296253e-02 	  0.000000e+00 	 0.000000e+00
 
FIC-2102~FI-2005  
  FreqPeriod(min) 	 Unc_UB 	 Bode 	 Unc_LB 	 S/N_Ratio
1.000000e+03 	 4.728478e-01 	 4.388012e-01 	  4.047547e-01 	 1.674197e+00
9.000254e+02 	 4.723080e-01 	 4.382615e-01 	  4.042150e-01 	 1.749552e+00
8.100456e+02 	 4.716428e-01 	 4.375963e-01 	  4.035498e-01 	 1.823144e+00
7.290616e+02 	 4.708233e-01 	 4.367768e-01 	  4.027302e-01 	 1.893441e+00
6.561739e+02 	 4.698140e-01 	 4.357675e-01 	  4.017210e-01 	 1.959045e+00
5.905732e+02 	 4.685718e-01 	 4.345253e-01 	  4.004788e-01 	 2.018768e+00
5.315308e+02 	 4.670442e-01 	 4.329976e-01 	  3.989511e-01 	 2.071670e+00
4.783912e+02 	 4.651671e-01 	 4.311205e-01 	  3.970740e-01 	 2.117066e+00
4.305642e+02 	 4.628633e-01 	 4.288168e-01 	  3.947702e-01 	 2.154489e+00
3.875187e+02 	 4.600399e-01 	 4.259934e-01 	  3.919468e-01 	 2.183642e+00
3.487767e+02 	 4.565859e-01 	 4.225394e-01 	  3.884929e-01 	 2.204324e+00
3.139079e+02 	 4.523702e-01 	 4.183237e-01 	  3.842772e-01 	 2.216357e+00
2.825250e+02 	 4.472398e-01 	 4.131933e-01 	  3.791468e-01 	 2.219518e+00
2.542797e+02 	 4.410193e-01 	 4.069728e-01 	  3.729263e-01 	 2.213479e+00
2.288582e+02 	 4.335132e-01 	 3.994667e-01 	  3.654202e-01 	 2.197769e+00
2.059782e+02 	 4.245117e-01 	 3.904652e-01 	  3.564186e-01 	 2.171751e+00
1.853856e+02 	 4.138036e-01 	 3.797571e-01 	  3.457105e-01 	 2.134630e+00
1.668517e+02 	 4.011999e-01 	 3.671534e-01 	  3.331068e-01 	 2.085506e+00
1.501708e+02 	 3.862178e-01 	 3.525256e-01 	  3.188333e-01 	 2.023471e+00
1.351575e+02 	 3.692107e-01 	 3.358635e-01 	  3.025163e-01 	 1.947780e+00
1.216452e+02 	 3.503836e-01 	 3.173530e-01 	  2.843224e-01 	 1.858071e+00
1.094837e+02 	 3.302469e-01 	 2.974602e-01 	  2.646736e-01 	 1.754560e+00
9.853815e+01 	 3.096817e-01 	 2.769791e-01 	  2.442766e-01 	 1.637956e+00
8.868683e+01 	 2.898835e-01 	 2.569464e-01 	  2.240092e-01 	 1.508664e+00
7.982040e+01 	 2.720520e-01 	 2.382908e-01 	  2.045296e-01 	 1.364978e+00
7.184038e+01 	 2.567806e-01 	 2.211825e-01 	  1.855844e-01 	 1.201601e+00
6.465817e+01 	 2.434614e-01 	 2.044222e-01 	  1.653831e-01 	 1.012663e+00
5.819399e+01 	 2.304362e-01 	 1.856383e-01 	  1.408405e-01 	 8.013954e-01
5.237607e+01 	 2.164540e-01 	 1.628461e-01 	  1.092382e-01 	 5.874690e-01
4.713979e+01 	 2.028706e-01 	 1.367612e-01 	  7.065184e-02 	 4.000705e-01
4.242700e+01 	 1.942404e-01 	 1.115035e-01 	  2.876652e-02 	 2.606307e-01
3.818538e+01 	 1.941531e-01 	 9.059357e-02 	  0.000000e+00 	 1.691780e-01
3.436781e+01 	 2.005476e-01 	 7.249362e-02 	  0.000000e+00 	 1.094822e-01
3.093190e+01 	 2.118339e-01 	 5.694103e-02 	  0.000000e+00 	 7.109359e-02
2.783950e+01 	 2.286616e-01 	 4.681721e-02 	  0.000000e+00 	 4.979003e-02
2.505625e+01 	 2.435579e-01 	 3.784786e-02 	  0.000000e+00 	 3.558136e-02
2.255126e+01 	 2.541879e-01 	 3.205336e-02 	  0.000000e+00 	 2.790577e-02
2.029671e+01 	 2.526312e-01 	 2.685295e-02 	  0.000000e+00 	 2.300099e-02
1.826755e+01 	 2.372846e-01 	 2.390003e-02 	  0.000000e+00 	 2.166068e-02
1.644126e+01 	 2.144597e-01 	 2.075467e-02 	  0.000000e+00 	 2.072104e-02
1.479755e+01 	 2.152215e-01 	 1.852066e-02 	  0.000000e+00 	 1.820903e-02
1.331817e+01 	 2.576697e-01 	 1.712854e-02 	  0.000000e+00 	 1.377107e-02
1.198669e+01 	 2.988712e-01 	 1.604724e-02 	  0.000000e+00 	 1.097288e-02
1.078833e+01 	 2.695239e-01 	 1.513559e-02 	  0.000000e+00 	 1.150639e-02
9.709767e+00 	 1.872057e-01 	 1.443010e-02 	  0.000000e+00 	 1.615190e-02
8.739037e+00 	 1.754923e-01 	 1.424230e-02 	  0.000000e+00 	 1.708114e-02
7.865355e+00 	 1.855037e-01 	 1.387659e-02 	  0.000000e+00 	 1.563628e-02
7.079019e+00 	 1.263492e-01 	 1.380477e-02 	  0.000000e+00 	 2.372149e-02
6.371296e+00 	 1.315951e-01 	 1.352947e-02 	  0.000000e+00 	 2.216125e-02
5.734328e+00 	 1.119089e-01 	 1.345722e-02 	  0.000000e+00 	 2.643436e-02
5.161041e+00 	 1.103487e-01 	 1.352966e-02 	  0.000000e+00 	 2.702481e-02
4.645068e+00 	 1.015952e-01 	 1.327552e-02 	  0.000000e+00 	 2.906907e-02
4.180679e+00 	 1.031844e-01 	 1.337108e-02 	  0.000000e+00 	 2.879137e-02
3.762717e+00 	 1.031844e-01 	 1.337108e-02 	  0.000000e+00 	 0.000000e+00
3.386540e+00 	 1.031844e-01 	 1.337108e-02 	  0.000000e+00 	 0.000000e+00
3.047972e+00 	 1.031844e-01 	 1.337108e-02 	  0.000000e+00 	 0.000000e+00
2.743252e+00 	 1.031844e-01 	 1.337108e-02 	  0.000000e+00 	 0.000000e+00
2.468997e+00 	 1.031844e-01 	 1.337108e-02 	  0.000000e+00 	 0.000000e+00
2.222160e+00 	 1.031844e-01 	 1.337108e-02 	  0.000000e+00 	 0.000000e+00
2.000000e+00 	 1.031844e-01 	 1.337108e-02 	  0.000000e+00 	 0.000000e+00
 
Typical Moves
FIC-2001 	 1.000000
FIC-2002 	 1.000000
TIC-2003 	 1.000000
FIC-2004 	 1.000000
FI-2005 	 1.000000
