AI-2020~FI-2005  
  FreqPeriod(min) 	 Unc_UB 	 Bode 	 Unc_LB 	 S/N_Ratio
1.000000e+03 	 4.195124e-01 	 3.584082e-01 	  2.973040e-01 	 1.363080e+00
9.000254e+02 	 4.194315e-01 	 3.583274e-01 	  2.972232e-01 	 1.438437e+00
8.100456e+02 	 4.193310e-01 	 3.582268e-01 	  2.971226e-01 	 1.512667e+00
7.290616e+02 	 4.192057e-01 	 3.581016e-01 	  2.969974e-01 	 1.584369e+00
6.561739e+02 	 4.190494e-01 	 3.579452e-01 	  2.968411e-01 	 1.652234e+00
5.905732e+02 	 4.188538e-01 	 3.577497e-01 	  2.966455e-01 	 1.715123e+00
5.315308e+02 	 4.186086e-01 	 3.575045e-01 	  2.964003e-01 	 1.772121e+00
4.783912e+02 	 4.183002e-01 	 3.571961e-01 	  2.960919e-01 	 1.822560e+00
4.305642e+02 	 4.179111e-01 	 3.568069e-01 	  2.957028e-01 	 1.866002e+00
3.875187e+02 	 4.174184e-01 	 3.563142e-01 	  2.952100e-01 	 1.902205e+00
3.487767e+02 	 4.167922e-01 	 3.556880e-01 	  2.945838e-01 	 1.931061e+00
3.139079e+02 	 4.151858e-01 	 3.548891e-01 	  2.945925e-01 	 1.952527e+00
2.825250e+02 	 4.135606e-01 	 3.538664e-01 	  2.941722e-01 	 1.966550e+00
2.542797e+02 	 4.118314e-01 	 3.525533e-01 	  2.932752e-01 	 1.973005e+00
2.288582e+02 	 4.098990e-01 	 3.508640e-01 	  2.918290e-01 	 1.971638e+00
2.059782e+02 	 4.076466e-01 	 3.486900e-01 	  2.897334e-01 	 1.962027e+00
1.853856e+02 	 4.049377e-01 	 3.458978e-01 	  2.868579e-01 	 1.943568e+00
1.668517e+02 	 4.016168e-01 	 3.423297e-01 	  2.830426e-01 	 1.915499e+00
1.501708e+02 	 3.975172e-01 	 3.378120e-01 	  2.781069e-01 	 1.876986e+00
1.351575e+02 	 3.924803e-01 	 3.321747e-01 	  2.718691e-01 	 1.827286e+00
1.216452e+02 	 3.863925e-01 	 3.252883e-01 	  2.641840e-01 	 1.766017e+00
1.094837e+02 	 3.792412e-01 	 3.171212e-01 	  2.550013e-01 	 1.693526e+00
9.853815e+01 	 3.711842e-01 	 3.078107e-01 	  2.444373e-01 	 1.611291e+00
8.868683e+01 	 3.626019e-01 	 2.977170e-01 	  2.328322e-01 	 1.522153e+00
7.982040e+01 	 3.540675e-01 	 2.873976e-01 	  2.207276e-01 	 1.430048e+00
7.184038e+01 	 3.461521e-01 	 2.774170e-01 	  2.086818e-01 	 1.338912e+00
6.465817e+01 	 3.390440e-01 	 2.679747e-01 	  1.969054e-01 	 1.250862e+00
5.819399e+01 	 3.321691e-01 	 2.585356e-01 	  1.849020e-01 	 1.164776e+00
5.237607e+01 	 3.241978e-01 	 2.478495e-01 	  1.715012e-01 	 1.076927e+00
4.713979e+01 	 3.136272e-01 	 2.345474e-01 	  1.554675e-01 	 9.839260e-01
4.242700e+01 	 2.994691e-01 	 2.178387e-01 	  1.362082e-01 	 8.852794e-01
3.818538e+01 	 2.813328e-01 	 1.975910e-01 	  1.138493e-01 	 7.827499e-01
3.436781e+01 	 2.593572e-01 	 1.742374e-01 	  8.911749e-02 	 6.790598e-01
3.093190e+01 	 2.349343e-01 	 1.494448e-01 	  6.395524e-02 	 5.799166e-01
2.783950e+01 	 2.101600e-01 	 1.254950e-01 	  4.082994e-02 	 4.917224e-01
2.505625e+01 	 1.861407e-01 	 1.035308e-01 	  2.092080e-02 	 4.157523e-01
2.255126e+01 	 1.646600e-01 	 8.520887e-02 	  5.757787e-03 	 3.557809e-01
2.029671e+01 	 1.461811e-01 	 7.074430e-02 	  0.000000e+00 	 3.111042e-01
1.826755e+01 	 1.302660e-01 	 5.940467e-02 	  0.000000e+00 	 2.781050e-01
1.644126e+01 	 1.157113e-01 	 4.972211e-02 	  0.000000e+00 	 2.499622e-01
1.479755e+01 	 1.019434e-01 	 4.094570e-02 	  0.000000e+00 	 2.226859e-01
1.331817e+01 	 8.911832e-02 	 3.318767e-02 	  0.000000e+00 	 1.968451e-01
1.198669e+01 	 7.722155e-02 	 2.658744e-02 	  0.000000e+00 	 1.741932e-01
1.078833e+01 	 6.563729e-02 	 2.099904e-02 	  0.000000e+00 	 1.560594e-01
9.709767e+00 	 5.330323e-02 	 1.625069e-02 	  0.000000e+00 	 1.454962e-01
8.739037e+00 	 3.940008e-02 	 1.232329e-02 	  0.000000e+00 	 1.509828e-01
7.865355e+00 	 2.538494e-02 	 9.289206e-03 	  0.000000e+00 	 1.914545e-01
7.079019e+00 	 1.550735e-02 	 6.945228e-03 	  0.000000e+00 	 2.690934e-01
6.371296e+00 	 1.177932e-02 	 5.069698e-03 	  0.000000e+00 	 2.506579e-01
5.734328e+00 	 9.679734e-03 	 3.880645e-03 	  0.000000e+00 	 2.219943e-01
5.161041e+00 	 6.827539e-03 	 2.706549e-03 	  0.000000e+00 	 2.178773e-01
4.645068e+00 	 6.331712e-03 	 2.236267e-03 	  0.000000e+00 	 1.811424e-01
4.180679e+00 	 5.704606e-03 	 1.989813e-03 	  0.000000e+00 	 1.776950e-01
3.762717e+00 	 5.559445e-03 	 1.512445e-03 	  0.000000e+00 	 1.239779e-01
3.386540e+00 	 5.120759e-03 	 1.298977e-03 	  0.000000e+00 	 1.127544e-01
3.047972e+00 	 7.631663e-03 	 1.157637e-03 	  0.000000e+00 	 5.931925e-02
2.743252e+00 	 1.237418e-02 	 1.112144e-03 	  0.000000e+00 	 3.275982e-02
2.468997e+00 	 3.672096e-02 	 1.071607e-03 	  0.000000e+00 	 9.971986e-03
2.222160e+00 	 4.642832e-02 	 1.030264e-03 	  0.000000e+00 	 7.528510e-03
2.000000e+00 	 4.642832e-02 	 1.030264e-03 	  0.000000e+00 	 0.000000e+00
 
AI-2020~FIC-2001  
  FreqPeriod(min) 	 Unc_UB 	 Bode 	 Unc_LB 	 S/N_Ratio
1.000000e+03 	 4.978956e-01 	 4.312549e-01 	  3.646143e-01 	 1.422615e+00
9.000254e+02 	 4.973350e-01 	 4.306943e-01 	  3.640537e-01 	 1.507088e+00
8.100456e+02 	 4.966431e-01 	 4.300025e-01 	  3.633618e-01 	 1.591122e+00
7.290616e+02 	 4.957894e-01 	 4.291487e-01 	  3.625080e-01 	 1.673016e+00
6.561739e+02 	 4.947359e-01 	 4.280952e-01 	  3.614545e-01 	 1.751065e+00
5.905732e+02 	 4.934361e-01 	 4.267955e-01 	  3.601548e-01 	 1.823650e+00
5.315308e+02 	 4.918329e-01 	 4.251922e-01 	  3.585515e-01 	 1.889319e+00
4.783912e+02 	 4.898556e-01 	 4.232149e-01 	  3.565743e-01 	 1.946832e+00
4.305642e+02 	 4.874179e-01 	 4.207772e-01 	  3.541366e-01 	 1.995179e+00
3.875187e+02 	 4.844137e-01 	 4.177731e-01 	  3.511324e-01 	 2.033548e+00
3.487767e+02 	 4.807135e-01 	 4.140728e-01 	  3.474322e-01 	 2.061271e+00
3.139079e+02 	 4.749040e-01 	 4.095188e-01 	  3.441335e-01 	 2.077744e+00
2.825250e+02 	 4.682688e-01 	 4.039197e-01 	  3.395706e-01 	 2.082335e+00
2.542797e+02 	 4.605451e-01 	 3.970460e-01 	  3.335470e-01 	 2.074298e+00
2.288582e+02 	 4.514314e-01 	 3.886251e-01 	  3.258187e-01 	 2.052698e+00
2.059782e+02 	 4.405848e-01 	 3.783388e-01 	  3.160927e-01 	 2.016354e+00
1.853856e+02 	 4.276236e-01 	 3.658266e-01 	  3.040296e-01 	 1.963838e+00
1.668517e+02 	 4.121400e-01 	 3.506986e-01 	  2.892571e-01 	 1.893522e+00
1.501708e+02 	 3.937317e-01 	 3.325674e-01 	  2.714031e-01 	 1.803762e+00
1.351575e+02 	 3.720682e-01 	 3.111153e-01 	  2.501624e-01 	 1.693264e+00
1.216452e+02 	 3.470152e-01 	 2.862193e-01 	  2.254234e-01 	 1.561789e+00
1.094837e+02 	 3.188560e-01 	 2.581731e-01 	  1.974901e-01 	 1.411374e+00
9.853815e+01 	 2.886545e-01 	 2.280512e-01 	  1.674479e-01 	 1.248342e+00
8.868683e+01 	 2.587682e-01 	 1.982235e-01 	  1.376787e-01 	 1.086116e+00
7.982040e+01 	 2.332415e-01 	 1.727500e-01 	  1.122585e-01 	 9.473734e-01
7.184038e+01 	 2.169221e-01 	 1.565000e-01 	  9.607793e-02 	 8.592439e-01
6.465817e+01 	 2.117274e-01 	 1.514215e-01 	  9.111569e-02 	 8.329635e-01
5.819399e+01 	 2.131599e-01 	 1.530603e-01 	  9.296062e-02 	 8.448668e-01
5.237607e+01 	 2.139708e-01 	 1.542268e-01 	  9.448275e-02 	 8.563733e-01
4.713979e+01 	 2.127144e-01 	 1.535533e-01 	  9.439224e-02 	 8.610351e-01
4.242700e+01 	 2.177010e-01 	 1.594441e-01 	  1.011873e-01 	 9.079442e-01
3.818538e+01 	 2.334571e-01 	 1.765255e-01 	  1.195939e-01 	 1.028613e+00
3.436781e+01 	 2.430998e-01 	 1.879988e-01 	  1.328979e-01 	 1.131863e+00
3.093190e+01 	 2.270534e-01 	 1.743271e-01 	  1.216008e-01 	 1.096820e+00
2.783950e+01 	 1.991177e-01 	 1.492737e-01 	  9.942977e-02 	 9.935018e-01
2.505625e+01 	 1.903171e-01 	 1.437406e-01 	  9.716404e-02 	 1.023788e+00
2.255126e+01 	 1.826002e-01 	 1.394822e-01 	  9.636434e-02 	 1.073146e+00
2.029671e+01 	 1.661308e-01 	 1.264338e-01 	  8.673673e-02 	 1.056580e+00
1.826755e+01 	 1.631131e-01 	 1.265717e-01 	  9.003035e-02 	 1.149078e+00
1.644126e+01 	 1.532161e-01 	 1.193587e-01 	  8.550126e-02 	 1.169494e+00
1.479755e+01 	 1.334110e-01 	 1.015772e-01 	  6.974343e-02 	 1.058536e+00
1.331817e+01 	 1.347617e-01 	 1.041061e-01 	  7.345056e-02 	 1.126587e+00
1.198669e+01 	 1.241156e-01 	 9.361032e-02 	  6.310499e-02 	 1.017995e+00
1.078833e+01 	 1.053216e-01 	 7.383467e-02 	  4.234779e-02 	 7.779082e-01
9.709767e+00 	 9.299275e-02 	 5.966076e-02 	  2.632876e-02 	 5.937795e-01
8.739037e+00 	 9.608518e-02 	 6.120352e-02 	  2.632186e-02 	 5.820724e-01
7.865355e+00 	 8.381208e-02 	 4.925117e-02 	  1.469027e-02 	 4.727474e-01
7.079019e+00 	 7.187670e-02 	 3.908593e-02 	  6.295168e-03 	 3.954273e-01
6.371296e+00 	 6.735535e-02 	 3.557648e-02 	  3.797618e-03 	 3.713833e-01
5.734328e+00 	 6.842436e-02 	 3.601574e-02 	  3.607127e-03 	 3.686630e-01
5.161041e+00 	 6.462208e-02 	 3.151539e-02 	  0.000000e+00 	 3.157944e-01
4.645068e+00 	 6.071879e-02 	 2.721383e-02 	  0.000000e+00 	 2.694501e-01
4.180679e+00 	 6.021678e-02 	 2.408645e-02 	  0.000000e+00 	 2.211559e-01
3.762717e+00 	 5.849909e-02 	 2.260000e-02 	  0.000000e+00 	 2.088444e-01
3.386540e+00 	 5.111383e-02 	 1.761464e-02 	  0.000000e+00 	 1.744364e-01
3.047972e+00 	 4.898584e-02 	 1.332527e-02 	  0.000000e+00 	 1.239611e-01
2.743252e+00 	 4.570217e-02 	 1.290068e-02 	  0.000000e+00 	 1.304718e-01
2.468997e+00 	 4.782791e-02 	 1.354029e-02 	  0.000000e+00 	 1.310051e-01
2.222160e+00 	 4.774646e-02 	 1.298881e-02 	  0.000000e+00 	 1.239700e-01
2.000000e+00 	 4.774646e-02 	 1.298881e-02 	  0.000000e+00 	 0.000000e+00
 
AI-2020~FIC-2002  
  FreqPeriod(min) 	 Unc_UB 	 Bode 	 Unc_LB 	 S/N_Ratio
1.000000e+03 	 2.526931e-01 	 1.471149e-01 	  4.153678e-02 	 2.850773e-01
9.000254e+02 	 2.529385e-01 	 1.473603e-01 	  4.178216e-02 	 3.049069e-01
8.100456e+02 	 2.532388e-01 	 1.476606e-01 	  4.208247e-02 	 3.253870e-01
7.290616e+02 	 2.536056e-01 	 1.480274e-01 	  4.244927e-02 	 3.462547e-01
6.561739e+02 	 2.540524e-01 	 1.484743e-01 	  4.289612e-02 	 3.672342e-01
5.905732e+02 	 2.545950e-01 	 1.490169e-01 	  4.343872e-02 	 3.880566e-01
5.315308e+02 	 2.552512e-01 	 1.496731e-01 	  4.409492e-02 	 4.084830e-01
4.783912e+02 	 2.560408e-01 	 1.504626e-01 	  4.488446e-02 	 4.283232e-01
4.305642e+02 	 2.569846e-01 	 1.514064e-01 	  4.582827e-02 	 4.474498e-01
3.875187e+02 	 2.581035e-01 	 1.525253e-01 	  4.694719e-02 	 4.658017e-01
3.487767e+02 	 2.594159e-01 	 1.538377e-01 	  4.825954e-02 	 4.833775e-01
3.139079e+02 	 2.583864e-01 	 1.553555e-01 	  5.232460e-02 	 5.002152e-01
2.825250e+02 	 2.579948e-01 	 1.570785e-01 	  5.616206e-02 	 5.163600e-01
2.542797e+02 	 2.581572e-01 	 1.589850e-01 	  5.981273e-02 	 5.318188e-01
2.288582e+02 	 2.587626e-01 	 1.610195e-01 	  6.327646e-02 	 5.465001e-01
2.059782e+02 	 2.596568e-01 	 1.630760e-01 	  6.649531e-02 	 5.601410e-01
1.853856e+02 	 2.606205e-01 	 1.649769e-01 	  6.933331e-02 	 5.722225e-01
1.668517e+02 	 2.613485e-01 	 1.664522e-01 	  7.155576e-02 	 5.818853e-01
1.501708e+02 	 2.614348e-01 	 1.671257e-01 	  7.281660e-02 	 5.878781e-01
1.351575e+02 	 2.603865e-01 	 1.665301e-01 	  7.267374e-02 	 5.886088e-01
1.216452e+02 	 2.577060e-01 	 1.641898e-01 	  7.067374e-02 	 5.824486e-01
1.094837e+02 	 2.531209e-01 	 1.598525e-01 	  6.658402e-02 	 5.685678e-01
9.853815e+01 	 2.470817e-01 	 1.539878e-01 	  6.089386e-02 	 5.487350e-01
8.868683e+01 	 2.415975e-01 	 1.486262e-01 	  5.565490e-02 	 5.303275e-01
7.982040e+01 	 2.409129e-01 	 1.480382e-01 	  5.516348e-02 	 5.287787e-01
7.184038e+01 	 2.500139e-01 	 1.572441e-01 	  6.447435e-02 	 5.622968e-01
6.465817e+01 	 2.695690e-01 	 1.769604e-01 	  8.435180e-02 	 6.339025e-01
5.819399e+01 	 2.922715e-01 	 1.999476e-01 	  1.076236e-01 	 7.184549e-01
5.237607e+01 	 3.053837e-01 	 2.135604e-01 	  1.217372e-01 	 7.715530e-01
4.713979e+01 	 2.975166e-01 	 2.065314e-01 	  1.155462e-01 	 7.530313e-01
4.242700e+01 	 2.691541e-01 	 1.794916e-01 	  8.982911e-02 	 6.640963e-01
3.818538e+01 	 2.424495e-01 	 1.547521e-01 	  6.705464e-02 	 5.853927e-01
3.436781e+01 	 2.358293e-01 	 1.508749e-01 	  6.592044e-02 	 5.891537e-01
3.093190e+01 	 2.210441e-01 	 1.396773e-01 	  5.831038e-02 	 5.694764e-01
2.783950e+01 	 1.844924e-01 	 1.075096e-01 	  3.052679e-02 	 4.632882e-01
2.505625e+01 	 1.625274e-01 	 9.054284e-02 	  1.855832e-02 	 4.172657e-01
2.255126e+01 	 1.588290e-01 	 9.216263e-02 	  2.549628e-02 	 4.586125e-01
2.029671e+01 	 1.582252e-01 	 9.684499e-02 	  3.546474e-02 	 5.234151e-01
1.826755e+01 	 1.418830e-01 	 8.540338e-02 	  2.892378e-02 	 5.016273e-01
1.644126e+01 	 1.168255e-01 	 6.453581e-02 	  1.224616e-02 	 4.094329e-01
1.479755e+01 	 1.112412e-01 	 6.212952e-02 	  1.301780e-02 	 4.196725e-01
1.331817e+01 	 1.026877e-01 	 5.544193e-02 	  8.196163e-03 	 3.892899e-01
1.198669e+01 	 8.304493e-02 	 3.605479e-02 	  0.000000e+00 	 2.545388e-01
1.078833e+01 	 7.733038e-02 	 2.881205e-02 	  0.000000e+00 	 1.969999e-01
9.709767e+00 	 6.481281e-02 	 1.339872e-02 	  0.000000e+00 	 8.645276e-02
8.739037e+00 	 7.967809e-02 	 2.582239e-02 	  0.000000e+00 	 1.590605e-01
7.865355e+00 	 8.140883e-02 	 2.804662e-02 	  0.000000e+00 	 1.743591e-01
7.079019e+00 	 7.836650e-02 	 2.778119e-02 	  0.000000e+00 	 1.821898e-01
6.371296e+00 	 7.435352e-02 	 2.535142e-02 	  0.000000e+00 	 1.716269e-01
5.734328e+00 	 7.232817e-02 	 2.231499e-02 	  0.000000e+00 	 1.480164e-01
5.161041e+00 	 7.032449e-02 	 1.921289e-02 	  0.000000e+00 	 1.247013e-01
4.645068e+00 	 6.879007e-02 	 1.711119e-02 	  0.000000e+00 	 1.098411e-01
4.180679e+00 	 6.794481e-02 	 1.219984e-02 	  0.000000e+00 	 7.260159e-02
3.762717e+00 	 6.892952e-02 	 1.351627e-02 	  0.000000e+00 	 8.091721e-02
3.386540e+00 	 6.147274e-02 	 9.806717e-03 	  0.000000e+00 	 6.296748e-02
3.047972e+00 	 5.820340e-02 	 3.157580e-03 	  0.000000e+00 	 1.902952e-02
2.743252e+00 	 5.799191e-02 	 7.403641e-03 	  0.000000e+00 	 4.855045e-02
2.468997e+00 	 6.175310e-02 	 8.778212e-03 	  0.000000e+00 	 5.497102e-02
2.222160e+00 	 6.145214e-02 	 8.014495e-03 	  0.000000e+00 	 4.975383e-02
2.000000e+00 	 6.145214e-02 	 8.014495e-03 	  0.000000e+00 	 0.000000e+00
 
AI-2020~FIC-2004  
  FreqPeriod(min) 	 Unc_UB 	 Bode 	 Unc_LB 	 S/N_Ratio
1.000000e+03 	 5.452447e-01 	 4.872278e-01 	  4.292109e-01 	 2.413459e+00
9.000254e+02 	 5.449068e-01 	 4.868899e-01 	  4.288730e-01 	 2.473787e+00
8.100456e+02 	 5.444879e-01 	 4.864710e-01 	  4.284541e-01 	 2.527859e+00
7.290616e+02 	 5.439679e-01 	 4.859510e-01 	  4.279341e-01 	 2.575289e+00
6.561739e+02 	 5.433219e-01 	 4.853050e-01 	  4.272880e-01 	 2.615933e+00
5.905732e+02 	 5.425181e-01 	 4.845011e-01 	  4.264842e-01 	 2.649832e+00
5.315308e+02 	 5.415164e-01 	 4.834995e-01 	  4.254826e-01 	 2.677135e+00
4.783912e+02 	 5.402660e-01 	 4.822491e-01 	  4.242322e-01 	 2.698030e+00
4.305642e+02 	 5.387019e-01 	 4.806850e-01 	  4.226680e-01 	 2.712670e+00
3.875187e+02 	 5.367409e-01 	 4.787240e-01 	  4.207071e-01 	 2.721109e+00
3.487767e+02 	 5.342766e-01 	 4.762596e-01 	  4.182427e-01 	 2.723246e+00
3.139079e+02 	 5.308888e-01 	 4.731551e-01 	  4.154213e-01 	 2.718765e+00
2.825250e+02 	 5.267374e-01 	 4.692348e-01 	  4.117322e-01 	 2.707076e+00
2.542797e+02 	 5.215893e-01 	 4.642748e-01 	  4.069604e-01 	 2.687254e+00
2.288582e+02 	 5.151535e-01 	 4.579919e-01 	  4.008302e-01 	 2.657976e+00
2.059782e+02 	 5.070711e-01 	 4.500335e-01 	  3.929959e-01 	 2.617468e+00
1.853856e+02 	 4.969101e-01 	 4.399733e-01 	  3.830365e-01 	 2.563486e+00
1.668517e+02 	 4.841734e-01 	 4.273189e-01 	  3.704645e-01 	 2.493364e+00
1.501708e+02 	 4.683333e-01 	 4.115473e-01 	  3.547614e-01 	 2.404234e+00
1.351575e+02 	 4.489172e-01 	 3.921902e-01 	  3.354632e-01 	 2.293532e+00
1.216452e+02 	 4.256801e-01 	 3.690073e-01 	  3.123345e-01 	 2.160021e+00
1.094837e+02 	 3.989089e-01 	 3.422912e-01 	  2.856735e-01 	 2.005585e+00
9.853815e+01 	 3.698844e-01 	 3.133300e-01 	  2.567756e-01 	 1.837949e+00
8.868683e+01 	 3.413875e-01 	 2.849147e-01 	  2.284419e-01 	 1.673683e+00
7.982040e+01 	 3.176900e-01 	 2.613313e-01 	  2.049727e-01 	 1.538256e+00
7.184038e+01 	 3.027803e-01 	 2.465887e-01 	  1.903971e-01 	 1.455792e+00
6.465817e+01 	 2.964183e-01 	 2.404755e-01 	  1.845326e-01 	 1.426015e+00
5.819399e+01 	 2.918307e-01 	 2.362584e-01 	  1.806862e-01 	 1.410350e+00
5.237607e+01 	 2.799082e-01 	 2.248819e-01 	  1.698557e-01 	 1.355758e+00
4.713979e+01 	 2.585483e-01 	 2.043111e-01 	  1.500739e-01 	 1.249661e+00
4.242700e+01 	 2.401548e-01 	 1.870276e-01 	  1.339004e-01 	 1.167849e+00
3.818538e+01 	 2.388114e-01 	 1.871924e-01 	  1.355734e-01 	 1.203030e+00
3.436781e+01 	 2.402676e-01 	 1.906110e-01 	  1.409544e-01 	 1.273411e+00
3.093190e+01 	 2.227826e-01 	 1.755510e-01 	  1.283194e-01 	 1.233015e+00
2.783950e+01 	 1.983356e-01 	 1.539298e-01 	  1.095240e-01 	 1.149955e+00
2.505625e+01 	 1.863213e-01 	 1.450050e-01 	  1.036887e-01 	 1.164285e+00
2.255126e+01 	 1.689607e-01 	 1.308054e-01 	  9.265011e-02 	 1.137283e+00
2.029671e+01 	 1.443475e-01 	 1.092145e-01 	  7.408154e-02 	 1.031248e+00
1.826755e+01 	 1.472425e-01 	 1.147998e-01 	  8.235710e-02 	 1.173875e+00
1.644126e+01 	 1.543218e-01 	 1.240780e-01 	  9.383421e-02 	 1.360994e+00
1.479755e+01 	 1.442988e-01 	 1.156337e-01 	  8.696864e-02 	 1.338226e+00
1.331817e+01 	 1.261399e-01 	 9.831948e-02 	  7.049903e-02 	 1.172393e+00
1.198669e+01 	 1.044661e-01 	 7.664784e-02 	  4.882962e-02 	 9.140466e-01
1.078833e+01 	 9.884457e-02 	 7.013092e-02 	  4.141726e-02 	 8.102495e-01
9.709767e+00 	 9.723800e-02 	 6.695002e-02 	  3.666205e-02 	 7.332942e-01
8.739037e+00 	 8.427042e-02 	 5.264447e-02 	  2.101853e-02 	 5.522135e-01
7.865355e+00 	 7.822121e-02 	 4.675153e-02 	  1.528185e-02 	 4.928346e-01
7.079019e+00 	 7.396092e-02 	 4.381689e-02 	  1.367286e-02 	 4.822120e-01
6.371296e+00 	 6.982115e-02 	 4.045017e-02 	  1.107919e-02 	 4.568773e-01
5.734328e+00 	 6.213812e-02 	 3.229577e-02 	  2.453417e-03 	 3.590131e-01
5.161041e+00 	 6.436336e-02 	 3.392497e-02 	  3.486578e-03 	 3.697392e-01
4.645068e+00 	 5.909087e-02 	 2.812001e-02 	  0.000000e+00 	 3.012034e-01
4.180679e+00 	 6.142822e-02 	 2.817141e-02 	  0.000000e+00 	 2.810125e-01
3.762717e+00 	 5.850376e-02 	 2.556491e-02 	  0.000000e+00 	 2.574741e-01
3.386540e+00 	 4.942162e-02 	 1.850332e-02 	  0.000000e+00 	 1.985326e-01
3.047972e+00 	 4.560368e-02 	 1.282513e-02 	  0.000000e+00 	 1.297984e-01
2.743252e+00 	 4.355232e-02 	 1.346441e-02 	  0.000000e+00 	 1.484543e-01
2.468997e+00 	 4.626201e-02 	 1.548175e-02 	  0.000000e+00 	 1.668573e-01
2.222160e+00 	 4.592844e-02 	 1.489351e-02 	  0.000000e+00 	 1.592004e-01
2.000000e+00 	 4.592844e-02 	 1.489351e-02 	  0.000000e+00 	 0.000000e+00
 
AI-2020~TIC-2003  
  FreqPeriod(min) 	 Unc_UB 	 Bode 	 Unc_LB 	 S/N_Ratio
1.000000e+03 	 3.457325e-01 	 3.010712e-01 	  2.564099e-01 	 1.428994e+00
9.000254e+02 	 3.455279e-01 	 3.008666e-01 	  2.562052e-01 	 1.520016e+00
8.100456e+02 	 3.452751e-01 	 3.006138e-01 	  2.559525e-01 	 1.611936e+00
7.290616e+02 	 3.449629e-01 	 3.003016e-01 	  2.556402e-01 	 1.703083e+00
6.561739e+02 	 3.445772e-01 	 2.999159e-01 	  2.552546e-01 	 1.791723e+00
5.905732e+02 	 3.441007e-01 	 2.994394e-01 	  2.547781e-01 	 1.876164e+00
5.315308e+02 	 3.435121e-01 	 2.988508e-01 	  2.541895e-01 	 1.954851e+00
4.783912e+02 	 3.427849e-01 	 2.981236e-01 	  2.534622e-01 	 2.026449e+00
4.305642e+02 	 3.418864e-01 	 2.972251e-01 	  2.525638e-01 	 2.089888e+00
3.875187e+02 	 3.407766e-01 	 2.961153e-01 	  2.514539e-01 	 2.144369e+00
3.487767e+02 	 3.394060e-01 	 2.947447e-01 	  2.500834e-01 	 2.189335e+00
3.139079e+02 	 3.367581e-01 	 2.930533e-01 	  2.493485e-01 	 2.224410e+00
2.825250e+02 	 3.338813e-01 	 2.909681e-01 	  2.480549e-01 	 2.249327e+00
2.542797e+02 	 3.306640e-01 	 2.884020e-01 	  2.461400e-01 	 2.263842e+00
2.288582e+02 	 3.269828e-01 	 2.852529e-01 	  2.435231e-01 	 2.267675e+00
2.059782e+02 	 3.227034e-01 	 2.814051e-01 	  2.401068e-01 	 2.260465e+00
1.853856e+02 	 3.176851e-01 	 2.767338e-01 	  2.357824e-01 	 2.241772e+00
1.668517e+02 	 3.117925e-01 	 2.711168e-01 	  2.304411e-01 	 2.211155e+00
1.501708e+02 	 3.049156e-01 	 2.644557e-01 	  2.239957e-01 	 2.168330e+00
1.351575e+02 	 2.970049e-01 	 2.567105e-01 	  2.164160e-01 	 2.113470e+00
1.216452e+02 	 2.881199e-01 	 2.479491e-01 	  2.077782e-01 	 2.047620e+00
1.094837e+02 	 2.784829e-01 	 2.384015e-01 	  1.983201e-01 	 1.973166e+00
9.853815e+01 	 2.685060e-01 	 2.284874e-01 	  1.884688e-01 	 1.894081e+00
8.868683e+01 	 2.587258e-01 	 2.187521e-01 	  1.787785e-01 	 1.815416e+00
7.982040e+01 	 2.495699e-01 	 2.096339e-01 	  1.696980e-01 	 1.741386e+00
7.184038e+01 	 2.409618e-01 	 2.010707e-01 	  1.611797e-01 	 1.672134e+00
6.465817e+01 	 2.320263e-01 	 1.922077e-01 	  1.523892e-01 	 1.601338e+00
5.819399e+01 	 2.214104e-01 	 1.817206e-01 	  1.420308e-01 	 1.518879e+00
5.237607e+01 	 2.085440e-01 	 1.690788e-01 	  1.296136e-01 	 1.421255e+00
4.713979e+01 	 1.951356e-01 	 1.560424e-01 	  1.169492e-01 	 1.324155e+00
4.242700e+01 	 1.845625e-01 	 1.460515e-01 	  1.075405e-01 	 1.258110e+00
3.818538e+01 	 1.777454e-01 	 1.400935e-01 	  1.024416e-01 	 1.234324e+00
3.436781e+01 	 1.712397e-01 	 1.347809e-01 	  9.832212e-02 	 1.226376e+00
3.093190e+01 	 1.618030e-01 	 1.268982e-01 	  9.199336e-02 	 1.206057e+00
2.783950e+01 	 1.488228e-01 	 1.158107e-01 	  8.279860e-02 	 1.163786e+00
2.505625e+01 	 1.359073e-01 	 1.050469e-01 	  7.418651e-02 	 1.129222e+00
2.255126e+01 	 1.269626e-01 	 9.838582e-02 	  6.980898e-02 	 1.142131e+00
2.029671e+01 	 1.144915e-01 	 8.817899e-02 	  6.186644e-02 	 1.111731e+00
1.826755e+01 	 9.937454e-02 	 7.515611e-02 	  5.093768e-02 	 1.029476e+00
1.644126e+01 	 8.659845e-02 	 6.416607e-02 	  4.173368e-02 	 9.489158e-01
1.479755e+01 	 7.554954e-02 	 5.446834e-02 	  3.338714e-02 	 8.571296e-01
1.331817e+01 	 6.154355e-02 	 4.125327e-02 	  2.096300e-02 	 6.744786e-01
1.198669e+01 	 4.841259e-02 	 2.822853e-02 	  8.044478e-03 	 4.639568e-01
1.078833e+01 	 4.097880e-02 	 2.014415e-02 	  0.000000e+00 	 3.207453e-01
9.709767e+00 	 3.435842e-02 	 1.229308e-02 	  0.000000e+00 	 1.848195e-01
8.739037e+00 	 2.982855e-02 	 6.725213e-03 	  0.000000e+00 	 9.656709e-02
7.865355e+00 	 2.716498e-02 	 4.270303e-03 	  0.000000e+00 	 6.187595e-02
7.079019e+00 	 2.376955e-02 	 2.054622e-03 	  0.000000e+00 	 3.138855e-02
6.371296e+00 	 2.424658e-02 	 3.208145e-03 	  0.000000e+00 	 5.058693e-02
5.734328e+00 	 2.595221e-02 	 4.490476e-03 	  0.000000e+00 	 6.941051e-02
5.161041e+00 	 2.513756e-02 	 3.206208e-03 	  0.000000e+00 	 4.849803e-02
4.645068e+00 	 2.255458e-02 	 3.679327e-04 	  0.000000e+00 	 5.501416e-03
4.180679e+00 	 2.570716e-02 	 1.782854e-03 	  0.000000e+00 	 2.472146e-02
3.762717e+00 	 2.643060e-02 	 2.649728e-03 	  0.000000e+00 	 3.696334e-02
3.386540e+00 	 2.416181e-02 	 1.982173e-03 	  0.000000e+00 	 2.964727e-02
3.047972e+00 	 2.427071e-02 	 6.520384e-04 	  0.000000e+00 	 9.158310e-03
2.743252e+00 	 2.296054e-02 	 1.241150e-03 	  0.000000e+00 	 1.895722e-02
2.468997e+00 	 2.398342e-02 	 1.272828e-03 	  0.000000e+00 	 1.859254e-02
2.222160e+00 	 2.328302e-02 	 3.789731e-04 	  0.000000e+00 	 5.489007e-03
2.000000e+00 	 2.328302e-02 	 3.789731e-04 	  0.000000e+00 	 0.000000e+00
 
AI-2021~FI-2005  
  FreqPeriod(min) 	 Unc_UB 	 Bode 	 Unc_LB 	 S/N_Ratio
1.000000e+03 	 2.743069e-01 	 2.266889e-01 	  1.790710e-01 	 1.057234e+00
9.000254e+02 	 2.739638e-01 	 2.263458e-01 	  1.787279e-01 	 1.124688e+00
8.100456e+02 	 2.735415e-01 	 2.259235e-01 	  1.783056e-01 	 1.190033e+00
7.290616e+02 	 2.730222e-01 	 2.254043e-01 	  1.777863e-01 	 1.252000e+00
6.561739e+02 	 2.723843e-01 	 2.247663e-01 	  1.771484e-01 	 1.309385e+00
5.905732e+02 	 2.716013e-01 	 2.239834e-01 	  1.763654e-01 	 1.361108e+00
5.315308e+02 	 2.706419e-01 	 2.230239e-01 	  1.754060e-01 	 1.406254e+00
4.783912e+02 	 2.694681e-01 	 2.218501e-01 	  1.742322e-01 	 1.444088e+00
4.305642e+02 	 2.680352e-01 	 2.204173e-01 	  1.727994e-01 	 1.474041e+00
3.875187e+02 	 2.662909e-01 	 2.186729e-01 	  1.710550e-01 	 1.495685e+00
3.487767e+02 	 2.641743e-01 	 2.165564e-01 	  1.689384e-01 	 1.508683e+00
3.139079e+02 	 2.609281e-01 	 2.139990e-01 	  1.670699e-01 	 1.512749e+00
2.825250e+02 	 2.573378e-01 	 2.109252e-01 	  1.645125e-01 	 1.507612e+00
2.542797e+02 	 2.533060e-01 	 2.072548e-01 	  1.612035e-01 	 1.493003e+00
2.288582e+02 	 2.487407e-01 	 2.029082e-01 	  1.570757e-01 	 1.468669e+00
2.059782e+02 	 2.435631e-01 	 1.978146e-01 	  1.520661e-01 	 1.434429e+00
1.853856e+02 	 2.377200e-01 	 1.919239e-01 	  1.461278e-01 	 1.390267e+00
1.668517e+02 	 2.312019e-01 	 1.852253e-01 	  1.392488e-01 	 1.336478e+00
1.501708e+02 	 2.240643e-01 	 1.777688e-01 	  1.314733e-01 	 1.273839e+00
1.351575e+02 	 2.164523e-01 	 1.696893e-01 	  1.229263e-01 	 1.203787e+00
1.216452e+02 	 2.086154e-01 	 1.612220e-01 	  1.138285e-01 	 1.128504e+00
1.094837e+02 	 2.008976e-01 	 1.526923e-01 	  1.044870e-01 	 1.050800e+00
9.853815e+01 	 1.936765e-01 	 1.444557e-01 	  9.523493e-02 	 9.736075e-01
8.868683e+01 	 1.872363e-01 	 1.367707e-01 	  8.630518e-02 	 8.990750e-01
7.982040e+01 	 1.816030e-01 	 1.296352e-01 	  7.766740e-02 	 8.275348e-01
7.184038e+01 	 1.764492e-01 	 1.226920e-01 	  6.893468e-02 	 7.571405e-01
6.465817e+01 	 1.712065e-01 	 1.153429e-01 	  5.947934e-02 	 6.849516e-01
5.819399e+01 	 1.654085e-01 	 1.070944e-01 	  4.878037e-02 	 6.092440e-01
5.237607e+01 	 1.590169e-01 	 9.788588e-02 	  3.675483e-02 	 5.311973e-01
4.713979e+01 	 1.522978e-01 	 8.796978e-02 	  2.364179e-02 	 4.536608e-01
4.242700e+01 	 1.452494e-01 	 7.734479e-02 	  9.440229e-03 	 3.778590e-01
3.818538e+01 	 1.376665e-01 	 6.582646e-02 	  0.000000e+00 	 3.039705e-01
3.436781e+01 	 1.303436e-01 	 5.425886e-02 	  0.000000e+00 	 2.365760e-01
3.093190e+01 	 1.245948e-01 	 4.404627e-02 	  0.000000e+00 	 1.814051e-01
2.783950e+01 	 1.200469e-01 	 3.496061e-02 	  0.000000e+00 	 1.363067e-01
2.505625e+01 	 1.170638e-01 	 2.758290e-02 	  0.000000e+00 	 1.022603e-01
2.255126e+01 	 1.156105e-01 	 2.218584e-02 	  0.000000e+00 	 7.877928e-02
2.029671e+01 	 1.152518e-01 	 1.874724e-02 	  0.000000e+00 	 6.444468e-02
1.826755e+01 	 1.146110e-01 	 1.641078e-02 	  0.000000e+00 	 5.543889e-02
1.644126e+01 	 1.123106e-01 	 1.440012e-02 	  0.000000e+00 	 4.879045e-02
1.479755e+01 	 1.070037e-01 	 1.197720e-02 	  0.000000e+00 	 4.181272e-02
1.331817e+01 	 9.868703e-02 	 9.624838e-03 	  0.000000e+00 	 3.585071e-02
1.198669e+01 	 8.757505e-02 	 7.749098e-03 	  0.000000e+00 	 3.220362e-02
1.078833e+01 	 7.382522e-02 	 6.246554e-03 	  0.000000e+00 	 3.066398e-02
9.709767e+00 	 5.803533e-02 	 4.927520e-03 	  0.000000e+00 	 3.077994e-02
8.739037e+00 	 4.154141e-02 	 3.820329e-03 	  0.000000e+00 	 3.359807e-02
7.865355e+00 	 2.638537e-02 	 2.982992e-03 	  0.000000e+00 	 4.228534e-02
7.079019e+00 	 1.606681e-02 	 2.338473e-03 	  0.000000e+00 	 5.650827e-02
6.371296e+00 	 1.316520e-02 	 1.714259e-03 	  0.000000e+00 	 4.966301e-02
5.734328e+00 	 1.035974e-02 	 8.863412e-04 	  0.000000e+00 	 3.103792e-02
5.161041e+00 	 6.814208e-03 	 6.250512e-04 	  0.000000e+00 	 3.350285e-02
4.645068e+00 	 6.005640e-03 	 3.847530e-05 	  0.000000e+00 	 2.139005e-03
4.180679e+00 	 5.952935e-03 	 6.494421e-04 	  0.000000e+00 	 4.062339e-02
3.762717e+00 	 6.564508e-03 	 7.586371e-04 	  0.000000e+00 	 4.334753e-02
3.386540e+00 	 6.116355e-03 	 5.460103e-04 	  0.000000e+00 	 3.251745e-02
3.047972e+00 	 9.594709e-03 	 5.610764e-04 	  0.000000e+00 	 2.060427e-02
2.743252e+00 	 1.752956e-02 	 4.596403e-04 	  0.000000e+00 	 8.932733e-03
2.468997e+00 	 4.987164e-02 	 4.855744e-04 	  0.000000e+00 	 3.261738e-03
2.222160e+00 	 6.636309e-02 	 4.489105e-04 	  0.000000e+00 	 2.259325e-03
2.000000e+00 	 6.636309e-02 	 4.489105e-04 	  0.000000e+00 	 0.000000e+00
 
AI-2021~FIC-2001  
  FreqPeriod(min) 	 Unc_UB 	 Bode 	 Unc_LB 	 S/N_Ratio
1.000000e+03 	 3.210646e-01 	 2.691321e-01 	  2.171996e-01 	 1.088721e+00
9.000254e+02 	 3.207986e-01 	 2.688661e-01 	  2.169336e-01 	 1.164540e+00
8.100456e+02 	 3.204700e-01 	 2.685375e-01 	  2.166050e-01 	 1.239508e+00
7.290616e+02 	 3.200638e-01 	 2.681313e-01 	  2.161988e-01 	 1.312296e+00
6.561739e+02 	 3.195618e-01 	 2.676293e-01 	  2.156968e-01 	 1.381582e+00
5.905732e+02 	 3.189412e-01 	 2.670087e-01 	  2.150762e-01 	 1.446133e+00
5.315308e+02 	 3.181737e-01 	 2.662412e-01 	  2.143087e-01 	 1.504859e+00
4.783912e+02 	 3.172242e-01 	 2.652917e-01 	  2.133592e-01 	 1.556862e+00
4.305642e+02 	 3.160492e-01 	 2.641167e-01 	  2.121842e-01 	 1.601440e+00
3.875187e+02 	 3.145945e-01 	 2.626620e-01 	  2.107295e-01 	 1.638069e+00
3.487767e+02 	 3.127930e-01 	 2.608605e-01 	  2.089280e-01 	 1.666352e+00
3.139079e+02 	 3.095182e-01 	 2.586286e-01 	  2.077391e-01 	 1.685954e+00
2.825250e+02 	 3.058949e-01 	 2.558631e-01 	  2.058312e-01 	 1.696519e+00
2.542797e+02 	 3.017667e-01 	 2.524363e-01 	  2.031059e-01 	 1.697598e+00
2.288582e+02 	 2.969525e-01 	 2.481921e-01 	  1.994316e-01 	 1.688565e+00
2.059782e+02 	 2.912418e-01 	 2.429407e-01 	  1.946397e-01 	 1.668559e+00
1.853856e+02 	 2.843911e-01 	 2.364563e-01 	  1.885216e-01 	 1.636434e+00
1.668517e+02 	 2.761238e-01 	 2.284766e-01 	  1.808294e-01 	 1.590750e+00
1.501708e+02 	 2.661369e-01 	 2.187099e-01 	  1.712830e-01 	 1.529822e+00
1.351575e+02 	 2.541196e-01 	 2.068547e-01 	  1.595897e-01 	 1.451857e+00
1.216452e+02 	 2.397933e-01 	 1.926390e-01 	  1.454847e-01 	 1.355253e+00
1.094837e+02 	 2.229807e-01 	 1.758905e-01 	  1.288003e-01 	 1.239110e+00
9.853815e+01 	 2.037147e-01 	 1.566454e-01 	  1.095762e-01 	 1.104022e+00
8.868683e+01 	 1.823883e-01 	 1.352983e-01 	  8.820836e-02 	 9.531511e-01
7.982040e+01 	 1.599188e-01 	 1.127670e-01 	  6.561513e-02 	 7.933794e-01
7.184038e+01 	 1.378423e-01 	 9.058657e-02 	  4.333089e-02 	 6.359273e-01
6.465817e+01 	 1.181171e-01 	 7.071410e-02 	  2.331107e-02 	 4.948774e-01
5.819399e+01 	 1.022827e-01 	 5.468684e-02 	  7.090951e-03 	 3.811633e-01
5.237607e+01 	 9.007419e-02 	 4.223800e-02 	  0.000000e+00 	 2.929170e-01
4.713979e+01 	 7.922684e-02 	 3.110190e-02 	  0.000000e+00 	 2.143949e-01
4.242700e+01 	 6.769905e-02 	 1.923790e-02 	  0.000000e+00 	 1.316927e-01
3.818538e+01 	 5.721141e-02 	 8.371145e-03 	  0.000000e+00 	 5.685970e-02
3.436781e+01 	 6.311508e-02 	 1.386289e-02 	  0.000000e+00 	 9.337395e-02
3.093190e+01 	 7.508347e-02 	 2.540456e-02 	  0.000000e+00 	 1.696436e-01
2.783950e+01 	 8.070359e-02 	 3.061166e-02 	  0.000000e+00 	 2.027295e-01
2.505625e+01 	 7.861464e-02 	 2.816420e-02 	  0.000000e+00 	 1.851954e-01
2.255126e+01 	 7.653080e-02 	 2.582945e-02 	  0.000000e+00 	 1.690026e-01
2.029671e+01 	 7.882084e-02 	 2.803730e-02 	  0.000000e+00 	 1.831517e-01
1.826755e+01 	 7.440504e-02 	 2.376576e-02 	  0.000000e+00 	 1.556904e-01
1.644126e+01 	 6.102881e-02 	 1.079340e-02 	  0.000000e+00 	 7.127642e-02
1.479755e+01 	 5.772387e-02 	 8.130947e-03 	  0.000000e+00 	 5.439001e-02
1.331817e+01 	 6.108548e-02 	 1.227054e-02 	  0.000000e+00 	 8.338901e-02
1.198669e+01 	 5.831588e-02 	 1.022345e-02 	  0.000000e+00 	 7.052097e-02
1.078833e+01 	 5.471952e-02 	 7.050940e-03 	  0.000000e+00 	 4.906960e-02
9.709767e+00 	 5.595458e-02 	 8.179470e-03 	  0.000000e+00 	 5.679644e-02
8.739037e+00 	 6.276035e-02 	 1.416618e-02 	  0.000000e+00 	 9.670888e-02
7.865355e+00 	 5.935559e-02 	 9.105788e-03 	  0.000000e+00 	 6.011473e-02
7.079019e+00 	 6.037539e-02 	 7.799283e-03 	  0.000000e+00 	 4.921120e-02
6.371296e+00 	 6.132079e-02 	 7.085606e-03 	  0.000000e+00 	 4.334047e-02
5.734328e+00 	 6.019766e-02 	 7.254878e-03 	  0.000000e+00 	 4.545913e-02
5.161041e+00 	 5.861015e-02 	 8.888462e-03 	  0.000000e+00 	 5.930325e-02
4.645068e+00 	 5.175277e-02 	 2.935213e-03 	  0.000000e+00 	 1.994625e-02
4.180679e+00 	 5.460670e-02 	 3.024560e-03 	  0.000000e+00 	 1.945184e-02
3.762717e+00 	 5.523739e-02 	 3.736158e-03 	  0.000000e+00 	 2.406608e-02
3.386540e+00 	 5.251577e-02 	 3.689845e-03 	  0.000000e+00 	 2.507006e-02
3.047972e+00 	 5.346693e-02 	 3.707395e-03 	  0.000000e+00 	 2.471669e-02
2.743252e+00 	 5.247644e-02 	 2.759095e-03 	  0.000000e+00 	 1.841011e-02
2.468997e+00 	 5.109368e-02 	 3.594061e-03 	  0.000000e+00 	 2.510111e-02
2.222160e+00 	 5.362643e-02 	 3.161232e-03 	  0.000000e+00 	 2.078079e-02
2.000000e+00 	 5.362643e-02 	 3.161232e-03 	  0.000000e+00 	 0.000000e+00
 
AI-2021~FIC-2002  
  FreqPeriod(min) 	 Unc_UB 	 Bode 	 Unc_LB 	 S/N_Ratio
1.000000e+03 	 4.876891e-01 	 4.054129e-01 	  3.231368e-01 	 9.633875e-01
9.000254e+02 	 4.882344e-01 	 4.059582e-01 	  3.236821e-01 	 1.039721e+00
8.100456e+02 	 4.888900e-01 	 4.066138e-01 	  3.243377e-01 	 1.117711e+00
7.290616e+02 	 4.896730e-01 	 4.073968e-01 	  3.251207e-01 	 1.196363e+00
6.561739e+02 	 4.906003e-01 	 4.083241e-01 	  3.260480e-01 	 1.274612e+00
5.905732e+02 	 4.916865e-01 	 4.094104e-01 	  3.271342e-01 	 1.351386e+00
5.315308e+02 	 4.929407e-01 	 4.106646e-01 	  3.283884e-01 	 1.425667e+00
4.783912e+02 	 4.943615e-01 	 4.120854e-01 	  3.298092e-01 	 1.496542e+00
4.305642e+02 	 4.959293e-01 	 4.136532e-01 	  3.313771e-01 	 1.563225e+00
3.875187e+02 	 4.975955e-01 	 4.153194e-01 	  3.330432e-01 	 1.625033e+00
3.487767e+02 	 4.992674e-01 	 4.169912e-01 	  3.347151e-01 	 1.681321e+00
3.139079e+02 	 4.987013e-01 	 4.185120e-01 	  3.383227e-01 	 1.731366e+00
2.825250e+02 	 4.980991e-01 	 4.196359e-01 	  3.411727e-01 	 1.774207e+00
2.542797e+02 	 4.970428e-01 	 4.199990e-01 	  3.429553e-01 	 1.808459e+00
2.288582e+02 	 4.949740e-01 	 4.190900e-01 	  3.432060e-01 	 1.832124e+00
2.059782e+02 	 4.911708e-01 	 4.162271e-01 	  3.412834e-01 	 1.842438e+00
1.853856e+02 	 4.847461e-01 	 4.105572e-01 	  3.363684e-01 	 1.835831e+00
1.668517e+02 	 4.746924e-01 	 4.011012e-01 	  3.275100e-01 	 1.808115e+00
1.501708e+02 	 4.600155e-01 	 3.868880e-01 	  3.137605e-01 	 1.755101e+00
1.351575e+02 	 4.400211e-01 	 3.672416e-01 	  2.944622e-01 	 1.673944e+00
1.216452e+02 	 4.148383e-01 	 3.423056e-01 	  2.697730e-01 	 1.565590e+00
1.094837e+02 	 3.862406e-01 	 3.138639e-01 	  2.414873e-01 	 1.438602e+00
9.853815e+01 	 3.585590e-01 	 2.862550e-01 	  2.139510e-01 	 1.313374e+00
8.868683e+01 	 3.385132e-01 	 2.662028e-01 	  1.938924e-01 	 1.221264e+00
7.982040e+01 	 3.313865e-01 	 2.589927e-01 	  1.865988e-01 	 1.186816e+00
7.184038e+01 	 3.339336e-01 	 2.613790e-01 	  1.888244e-01 	 1.195098e+00
6.465817e+01 	 3.325171e-01 	 2.597227e-01 	  1.869283e-01 	 1.183613e+00
5.819399e+01 	 3.106607e-01 	 2.375448e-01 	  1.644289e-01 	 1.077783e+00
5.237607e+01 	 2.598006e-01 	 1.862790e-01 	  1.127574e-01 	 8.405174e-01
4.713979e+01 	 1.901159e-01 	 1.161035e-01 	  4.209098e-02 	 5.204008e-01
4.242700e+01 	 1.432246e-01 	 6.863861e-02 	  0.000000e+00 	 3.052873e-01
3.818538e+01 	 1.457511e-01 	 7.051752e-02 	  0.000000e+00 	 3.109447e-01
3.436781e+01 	 1.365385e-01 	 6.060163e-02 	  0.000000e+00 	 2.647459e-01
3.093190e+01 	 1.233776e-01 	 4.671350e-02 	  0.000000e+00 	 2.021379e-01
2.783950e+01 	 1.214660e-01 	 4.410020e-02 	  0.000000e+00 	 1.890990e-01
2.505625e+01 	 1.083274e-01 	 3.035571e-02 	  0.000000e+00 	 1.291520e-01
2.255126e+01 	 1.058921e-01 	 2.750065e-02 	  0.000000e+00 	 1.163783e-01
2.029671e+01 	 9.971101e-02 	 2.118867e-02 	  0.000000e+00 	 8.951754e-02
1.826755e+01 	 8.849731e-02 	 1.022747e-02 	  0.000000e+00 	 4.334825e-02
1.644126e+01 	 1.104970e-01 	 3.291301e-02 	  0.000000e+00 	 1.407322e-01
1.479755e+01 	 1.150796e-01 	 3.856989e-02 	  0.000000e+00 	 1.672359e-01
1.331817e+01 	 1.181039e-01 	 4.287124e-02 	  0.000000e+00 	 1.890416e-01
1.198669e+01 	 1.001381e-01 	 2.605693e-02 	  0.000000e+00 	 1.166845e-01
1.078833e+01 	 8.949532e-02 	 1.604253e-02 	  0.000000e+00 	 7.245397e-02
9.709767e+00 	 8.408360e-02 	 1.039122e-02 	  0.000000e+00 	 4.677800e-02
8.739037e+00 	 9.049622e-02 	 1.546903e-02 	  0.000000e+00 	 6.839779e-02
7.865355e+00 	 9.805674e-02 	 2.047080e-02 	  0.000000e+00 	 8.752849e-02
7.079019e+00 	 1.035361e-01 	 2.242858e-02 	  0.000000e+00 	 9.173565e-02
6.371296e+00 	 1.024215e-01 	 1.879245e-02 	  0.000000e+00 	 7.454589e-02
5.734328e+00 	 9.480196e-02 	 1.310034e-02 	  0.000000e+00 	 5.319238e-02
5.161041e+00 	 8.353193e-02 	 6.769382e-03 	  0.000000e+00 	 2.925481e-02
4.645068e+00 	 8.596300e-02 	 1.066560e-02 	  0.000000e+00 	 4.698973e-02
4.180679e+00 	 8.144781e-02 	 1.862478e-03 	  0.000000e+00 	 7.763467e-03
3.762717e+00 	 8.915537e-02 	 9.658899e-03 	  0.000000e+00 	 4.030672e-02
3.386540e+00 	 7.919580e-02 	 3.891254e-03 	  0.000000e+00 	 1.714218e-02
3.047972e+00 	 8.461434e-02 	 7.805296e-03 	  0.000000e+00 	 3.371124e-02
2.743252e+00 	 8.288437e-02 	 6.207533e-03 	  0.000000e+00 	 2.685670e-02
2.468997e+00 	 7.838046e-02 	 4.992855e-03 	  0.000000e+00 	 2.256961e-02
2.222160e+00 	 7.932916e-02 	 1.742181e-03 	  0.000000e+00 	 7.449070e-03
2.000000e+00 	 7.932916e-02 	 1.742181e-03 	  0.000000e+00 	 0.000000e+00
 
AI-2021~FIC-2004  
  FreqPeriod(min) 	 Unc_UB 	 Bode 	 Unc_LB 	 S/N_Ratio
1.000000e+03 	 3.296423e-01 	 2.844302e-01 	  2.392181e-01 	 1.727751e+00
9.000254e+02 	 3.292138e-01 	 2.840018e-01 	  2.387897e-01 	 1.786082e+00
8.100456e+02 	 3.286868e-01 	 2.834747e-01 	  2.382626e-01 	 1.837478e+00
7.290616e+02 	 3.280388e-01 	 2.828268e-01 	  2.376147e-01 	 1.881680e+00
6.561739e+02 	 3.272431e-01 	 2.820311e-01 	  2.368190e-01 	 1.918625e+00
5.905732e+02 	 3.262672e-01 	 2.810551e-01 	  2.358430e-01 	 1.948390e+00
5.315308e+02 	 3.250720e-01 	 2.798599e-01 	  2.346478e-01 	 1.971131e+00
4.783912e+02 	 3.236110e-01 	 2.783989e-01 	  2.331868e-01 	 1.987017e+00
4.305642e+02 	 3.218293e-01 	 2.766172e-01 	  2.314051e-01 	 1.996185e+00
3.875187e+02 	 3.196629e-01 	 2.744508e-01 	  2.292388e-01 	 1.998693e+00
3.487767e+02 	 3.170382e-01 	 2.718261e-01 	  2.266141e-01 	 1.994502e+00
3.139079e+02 	 3.135949e-01 	 2.686605e-01 	  2.237262e-01 	 1.983458e+00
2.825250e+02 	 3.095724e-01 	 2.648637e-01 	  2.201551e-01 	 1.965299e+00
2.542797e+02 	 3.048673e-01 	 2.603416e-01 	  2.158158e-01 	 1.939679e+00
2.288582e+02 	 2.993797e-01 	 2.550016e-01 	  2.106235e-01 	 1.906216e+00
2.059782e+02 	 2.930225e-01 	 2.487630e-01 	  2.045036e-01 	 1.864565e+00
1.853856e+02 	 2.857342e-01 	 2.415694e-01 	  1.974046e-01 	 1.814528e+00
1.668517e+02 	 2.774949e-01 	 2.334049e-01 	  1.893149e-01 	 1.756174e+00
1.501708e+02 	 2.683409e-01 	 2.243090e-01 	  1.802770e-01 	 1.689960e+00
1.351575e+02 	 2.583695e-01 	 2.143814e-01 	  1.703934e-01 	 1.616777e+00
1.216452e+02 	 2.477178e-01 	 2.037614e-01 	  1.598050e-01 	 1.537792e+00
1.094837e+02 	 2.364954e-01 	 1.925599e-01 	  1.486243e-01 	 1.453943e+00
9.853815e+01 	 2.246641e-01 	 1.807396e-01 	  1.368150e-01 	 1.365034e+00
8.868683e+01 	 2.119065e-01 	 1.679836e-01 	  1.240607e-01 	 1.268743e+00
7.982040e+01 	 1.976276e-01 	 1.536972e-01 	  1.097669e-01 	 1.160644e+00
7.184038e+01 	 1.813452e-01 	 1.373981e-01 	  9.345108e-02 	 1.037167e+00
6.465817e+01 	 1.637081e-01 	 1.197345e-01 	  7.576101e-02 	 9.032873e-01
5.819399e+01 	 1.478087e-01 	 1.037982e-01 	  5.978781e-02 	 7.824058e-01
5.237607e+01 	 1.382312e-01 	 9.417243e-02 	  5.011367e-02 	 7.090701e-01
4.713979e+01 	 1.342931e-01 	 9.017352e-02 	  4.605392e-02 	 6.780241e-01
4.242700e+01 	 1.265081e-01 	 8.231412e-02 	  3.812012e-02 	 6.178866e-01
3.818538e+01 	 1.081921e-01 	 6.390942e-02 	  1.962670e-02 	 4.787715e-01
3.436781e+01 	 9.161908e-02 	 4.723330e-02 	  2.847520e-03 	 3.530223e-01
3.093190e+01 	 9.304920e-02 	 4.854744e-02 	  4.045685e-03 	 3.618986e-01
2.783950e+01 	 9.180879e-02 	 4.718207e-02 	  2.555356e-03 	 3.507355e-01
2.505625e+01 	 8.473251e-02 	 3.997980e-02 	  0.000000e+00 	 2.963595e-01
2.255126e+01 	 6.920730e-02 	 2.434138e-02 	  0.000000e+00 	 1.799809e-01
2.029671e+01 	 5.478947e-02 	 9.844686e-03 	  0.000000e+00 	 7.266417e-02
1.826755e+01 	 6.327210e-02 	 1.831279e-02 	  0.000000e+00 	 1.351241e-01
1.644126e+01 	 6.781984e-02 	 2.294607e-02 	  0.000000e+00 	 1.696343e-01
1.479755e+01 	 6.988946e-02 	 2.523301e-02 	  0.000000e+00 	 1.874487e-01
1.331817e+01 	 5.901645e-02 	 1.471605e-02 	  0.000000e+00 	 1.102000e-01
1.198669e+01 	 5.314137e-02 	 9.285247e-03 	  0.000000e+00 	 7.023619e-02
1.078833e+01 	 5.079627e-02 	 7.326142e-03 	  0.000000e+00 	 5.590905e-02
9.709767e+00 	 4.917645e-02 	 5.764364e-03 	  0.000000e+00 	 4.404925e-02
8.739037e+00 	 5.723629e-02 	 1.317771e-02 	  0.000000e+00 	 9.922183e-02
7.865355e+00 	 5.312087e-02 	 7.365556e-03 	  0.000000e+00 	 5.340251e-02
7.079019e+00 	 5.798621e-02 	 9.653836e-03 	  0.000000e+00 	 6.626123e-02
6.371296e+00 	 5.889284e-02 	 8.767053e-03 	  0.000000e+00 	 5.802166e-02
5.734328e+00 	 5.557961e-02 	 6.829093e-03 	  0.000000e+00 	 4.647094e-02
5.161041e+00 	 4.925949e-02 	 3.545237e-03 	  0.000000e+00 	 2.572713e-02
4.645068e+00 	 5.044825e-02 	 5.322933e-03 	  0.000000e+00 	 3.913168e-02
4.180679e+00 	 5.298467e-02 	 5.504974e-03 	  0.000000e+00 	 3.846316e-02
3.762717e+00 	 5.273423e-02 	 5.479776e-03 	  0.000000e+00 	 3.846961e-02
3.386540e+00 	 5.106058e-02 	 5.996372e-03 	  0.000000e+00 	 4.414225e-02
3.047972e+00 	 4.974486e-02 	 4.006794e-03 	  0.000000e+00 	 2.906143e-02
2.743252e+00 	 4.863586e-02 	 3.031491e-03 	  0.000000e+00 	 2.205198e-02
2.468997e+00 	 4.608733e-02 	 3.446559e-03 	  0.000000e+00 	 2.681380e-02
2.222160e+00 	 4.727746e-02 	 2.217348e-03 	  0.000000e+00 	 1.632448e-02
2.000000e+00 	 4.727746e-02 	 2.217348e-03 	  0.000000e+00 	 0.000000e+00
 
AI-2021~TIC-2003  
  FreqPeriod(min) 	 Unc_UB 	 Bode 	 Unc_LB 	 S/N_Ratio
1.000000e+03 	 1.978906e-01 	 1.630864e-01 	  1.282822e-01 	 9.492404e-01
9.000254e+02 	 1.976698e-01 	 1.628657e-01 	  1.280615e-01 	 1.018480e+00
8.100456e+02 	 1.973983e-01 	 1.625941e-01 	  1.277899e-01 	 1.087566e+00
7.290616e+02 	 1.970644e-01 	 1.622602e-01 	  1.274560e-01 	 1.155266e+00
6.561739e+02 	 1.966543e-01 	 1.618501e-01 	  1.270459e-01 	 1.220297e+00
5.905732e+02 	 1.961511e-01 	 1.613470e-01 	  1.265428e-01 	 1.281396e+00
5.315308e+02 	 1.955348e-01 	 1.607306e-01 	  1.259265e-01 	 1.337391e+00
4.783912e+02 	 1.947812e-01 	 1.599770e-01 	  1.251729e-01 	 1.387253e+00
4.305642e+02 	 1.938619e-01 	 1.590577e-01 	  1.242535e-01 	 1.430136e+00
3.875187e+02 	 1.927436e-01 	 1.579394e-01 	  1.231353e-01 	 1.465380e+00
3.487767e+02 	 1.913882e-01 	 1.565840e-01 	  1.217798e-01 	 1.492498e+00
3.139079e+02 	 1.889641e-01 	 1.549485e-01 	  1.209329e-01 	 1.511147e+00
2.825250e+02 	 1.863515e-01 	 1.529862e-01 	  1.196209e-01 	 1.521091e+00
2.542797e+02 	 1.834804e-01 	 1.506484e-01 	  1.178164e-01 	 1.522177e+00
2.288582e+02 	 1.802857e-01 	 1.478882e-01 	  1.154908e-01 	 1.514329e+00
2.059782e+02 	 1.767127e-01 	 1.446665e-01 	  1.126203e-01 	 1.497577e+00
1.853856e+02 	 1.727256e-01 	 1.409604e-01 	  1.091953e-01 	 1.472122e+00
1.668517e+02 	 1.683193e-01 	 1.367757e-01 	  1.052321e-01 	 1.438453e+00
1.501708e+02 	 1.635338e-01 	 1.321610e-01 	  1.007883e-01 	 1.397491e+00
1.351575e+02 	 1.584675e-01 	 1.272218e-01 	  9.597609e-02 	 1.350732e+00
1.216452e+02 	 1.532812e-01 	 1.221240e-01 	  9.096681e-02 	 1.300291e+00
1.094837e+02 	 1.481779e-01 	 1.170746e-01 	  8.597127e-02 	 1.248687e+00
9.853815e+01 	 1.433398e-01 	 1.122582e-01 	  8.117669e-02 	 1.198156e+00
8.868683e+01 	 1.388123e-01 	 1.077220e-01 	  7.663162e-02 	 1.149414e+00
7.982040e+01 	 1.343674e-01 	 1.032382e-01 	  7.210898e-02 	 1.100195e+00
7.184038e+01 	 1.294344e-01 	 9.823594e-02 	  6.703742e-02 	 1.044562e+00
6.465817e+01 	 1.232194e-01 	 9.192033e-02 	  6.062121e-02 	 9.742651e-01
5.819399e+01 	 1.150677e-01 	 8.363544e-02 	  5.220313e-02 	 8.826973e-01
5.237607e+01 	 1.049361e-01 	 7.333686e-02 	  4.173759e-02 	 7.699153e-01
4.713979e+01 	 9.357581e-02 	 6.177520e-02 	  2.997458e-02 	 6.444309e-01
4.242700e+01 	 8.203355e-02 	 4.999804e-02 	  1.796254e-02 	 5.177488e-01
3.818538e+01 	 7.130035e-02 	 3.899970e-02 	  6.699053e-03 	 4.005417e-01
3.436781e+01 	 6.395076e-02 	 3.136190e-02 	  0.000000e+00 	 3.192500e-01
3.093190e+01 	 6.220988e-02 	 2.932246e-02 	  0.000000e+00 	 2.957796e-01
2.783950e+01 	 5.999204e-02 	 2.681569e-02 	  0.000000e+00 	 2.681378e-01
2.505625e+01 	 5.511596e-02 	 2.168881e-02 	  0.000000e+00 	 2.152455e-01
2.255126e+01 	 5.245773e-02 	 1.885490e-02 	  0.000000e+00 	 1.861427e-01
2.029671e+01 	 4.612047e-02 	 1.245942e-02 	  0.000000e+00 	 1.227914e-01
1.826755e+01 	 4.072423e-02 	 7.162153e-03 	  0.000000e+00 	 7.079336e-02
1.644126e+01 	 3.656467e-02 	 3.280973e-03 	  0.000000e+00 	 3.270158e-02
1.479755e+01 	 4.086560e-02 	 8.023815e-03 	  0.000000e+00 	 8.104978e-02
1.331817e+01 	 3.990035e-02 	 7.590758e-03 	  0.000000e+00 	 7.793839e-02
1.198669e+01 	 3.416235e-02 	 2.341670e-03 	  0.000000e+00 	 2.441260e-02
1.078833e+01 	 3.423167e-02 	 2.689706e-03 	  0.000000e+00 	 2.828876e-02
9.709767e+00 	 3.662529e-02 	 4.998796e-03 	  0.000000e+00 	 5.243389e-02
8.739037e+00 	 3.781830e-02 	 5.632702e-03 	  0.000000e+00 	 5.805677e-02
7.865355e+00 	 3.764124e-02 	 4.353539e-03 	  0.000000e+00 	 4.338668e-02
7.079019e+00 	 3.647367e-02 	 1.656357e-03 	  0.000000e+00 	 1.578179e-02
6.371296e+00 	 3.840836e-02 	 2.503253e-03 	  0.000000e+00 	 2.312843e-02
5.734328e+00 	 3.900530e-02 	 3.945361e-03 	  0.000000e+00 	 3.733132e-02
5.161041e+00 	 3.462896e-02 	 1.691113e-03 	  0.000000e+00 	 1.703237e-02
4.645068e+00 	 3.287311e-02 	 5.466175e-04 	  0.000000e+00 	 5.609481e-03
4.180679e+00 	 3.461851e-02 	 4.625321e-04 	  0.000000e+00 	 4.492343e-03
3.762717e+00 	 3.561678e-02 	 1.500476e-03 	  0.000000e+00 	 1.459032e-02
3.386540e+00 	 3.380025e-02 	 1.472860e-03 	  0.000000e+00 	 1.511431e-02
3.047972e+00 	 3.447234e-02 	 1.515653e-03 	  0.000000e+00 	 1.525646e-02
2.743252e+00 	 3.492418e-02 	 2.004027e-03 	  0.000000e+00 	 2.019479e-02
2.468997e+00 	 3.290137e-02 	 1.439741e-03 	  0.000000e+00 	 1.518101e-02
2.222160e+00 	 3.454079e-02 	 1.286023e-03 	  0.000000e+00 	 1.282899e-02
2.000000e+00 	 3.454079e-02 	 1.286023e-03 	  0.000000e+00 	 0.000000e+00
 
AI-2022~FI-2005  
  FreqPeriod(min) 	 Unc_UB 	 Bode 	 Unc_LB 	 S/N_Ratio
1.000000e+03 	 2.436082e-01 	 1.769240e-01 	  1.102399e-01 	 5.954024e-01
9.000254e+02 	 2.434024e-01 	 1.767183e-01 	  1.100341e-01 	 6.322369e-01
8.100456e+02 	 2.431485e-01 	 1.764644e-01 	  1.097802e-01 	 6.680647e-01
7.290616e+02 	 2.428352e-01 	 1.761510e-01 	  1.094669e-01 	 7.021934e-01
6.561739e+02 	 2.424486e-01 	 1.757644e-01 	  1.090803e-01 	 7.339678e-01
5.905732e+02 	 2.419716e-01 	 1.752875e-01 	  1.086033e-01 	 7.628026e-01
5.315308e+02 	 2.413833e-01 	 1.746991e-01 	  1.080150e-01 	 7.882040e-01
4.783912e+02 	 2.406577e-01 	 1.739736e-01 	  1.072894e-01 	 8.097773e-01
4.305642e+02 	 2.397632e-01 	 1.730790e-01 	  1.063949e-01 	 8.272176e-01
3.875187e+02 	 2.386607e-01 	 1.719766e-01 	  1.052924e-01 	 8.402887e-01
3.487767e+02 	 2.373027e-01 	 1.706185e-01 	  1.039344e-01 	 8.487920e-01
3.139079e+02 	 2.346876e-01 	 1.689466e-01 	  1.032056e-01 	 8.525322e-01
2.825250e+02 	 2.319262e-01 	 1.668901e-01 	  1.018540e-01 	 8.512832e-01
2.542797e+02 	 2.289097e-01 	 1.643635e-01 	  9.981725e-02 	 8.447579e-01
2.288582e+02 	 2.255189e-01 	 1.612640e-01 	  9.700918e-02 	 8.325862e-01
2.059782e+02 	 2.216222e-01 	 1.574703e-01 	  9.331835e-02 	 8.143042e-01
1.853856e+02 	 2.170740e-01 	 1.528405e-01 	  8.860695e-02 	 7.893585e-01
1.668517e+02 	 2.117165e-01 	 1.472143e-01 	  8.271207e-02 	 7.571344e-01
1.501708e+02 	 2.053847e-01 	 1.404180e-01 	  7.545125e-02 	 7.170171e-01
1.351575e+02 	 1.979197e-01 	 1.322778e-01 	  6.663594e-02 	 6.685035e-01
1.216452e+02 	 1.891964e-01 	 1.226477e-01 	  5.609900e-02 	 6.113888e-01
1.094837e+02 	 1.791741e-01 	 1.114600e-01 	  4.374596e-02 	 5.460570e-01
9.853815e+01 	 1.679854e-01 	 9.881520e-02 	  2.964498e-02 	 4.739170e-01
8.868683e+01 	 1.560851e-01 	 8.513081e-02 	  1.417656e-02 	 3.980211e-01
7.982040e+01 	 1.444743e-01 	 7.136743e-02 	  0.000000e+00 	 3.238468e-01
7.184038e+01 	 1.349424e-01 	 5.927190e-02 	  0.000000e+00 	 2.598483e-01
6.465817e+01 	 1.298717e-01 	 5.118485e-02 	  0.000000e+00 	 2.157928e-01
5.819399e+01 	 1.305727e-01 	 4.837969e-02 	  0.000000e+00 	 1.952655e-01
5.237607e+01 	 1.352497e-01 	 4.903320e-02 	  0.000000e+00 	 1.886677e-01
4.713979e+01 	 1.405234e-01 	 4.975587e-02 	  0.000000e+00 	 1.818492e-01
4.242700e+01 	 1.444518e-01 	 4.862181e-02 	  0.000000e+00 	 1.683167e-01
3.818538e+01 	 1.469032e-01 	 4.555513e-02 	  0.000000e+00 	 1.491143e-01
3.436781e+01 	 1.479822e-01 	 4.077145e-02 	  0.000000e+00 	 1.261582e-01
3.093190e+01 	 1.479268e-01 	 3.469284e-02 	  0.000000e+00 	 1.016391e-01
2.783950e+01 	 1.478579e-01 	 2.871343e-02 	  0.000000e+00 	 7.994825e-02
2.505625e+01 	 1.469727e-01 	 2.239990e-02 	  0.000000e+00 	 5.965138e-02
2.255126e+01 	 1.452640e-01 	 1.619962e-02 	  0.000000e+00 	 4.163862e-02
2.029671e+01 	 1.437566e-01 	 1.164066e-02 	  0.000000e+00 	 2.922941e-02
1.826755e+01 	 1.427035e-01 	 9.468196e-03 	  0.000000e+00 	 2.357467e-02
1.644126e+01 	 1.402288e-01 	 8.233016e-03 	  0.000000e+00 	 2.069173e-02
1.479755e+01 	 1.350843e-01 	 7.039227e-03 	  0.000000e+00 	 1.823727e-02
1.331817e+01 	 1.267920e-01 	 5.764223e-03 	  0.000000e+00 	 1.579986e-02
1.198669e+01 	 1.150245e-01 	 4.588837e-03 	  0.000000e+00 	 1.378450e-02
1.078833e+01 	 9.928767e-02 	 3.746918e-03 	  0.000000e+00 	 1.301018e-02
9.709767e+00 	 7.929830e-02 	 3.430790e-03 	  0.000000e+00 	 1.500155e-02
8.739037e+00 	 5.611711e-02 	 3.394479e-03 	  0.000000e+00 	 2.135865e-02
7.865355e+00 	 3.396737e-02 	 3.263642e-03 	  0.000000e+00 	 3.526218e-02
7.079019e+00 	 1.917587e-02 	 2.537421e-03 	  0.000000e+00 	 5.059149e-02
6.371296e+00 	 1.563342e-02 	 2.184412e-03 	  0.000000e+00 	 5.388180e-02
5.734328e+00 	 1.389463e-02 	 1.971111e-03 	  0.000000e+00 	 5.484088e-02
5.161041e+00 	 9.972347e-03 	 1.282091e-03 	  0.000000e+00 	 4.894225e-02
4.645068e+00 	 9.382938e-03 	 6.548931e-04 	  0.000000e+00 	 2.489150e-02
4.180679e+00 	 8.188682e-03 	 6.253302e-04 	  0.000000e+00 	 2.742791e-02
3.762717e+00 	 8.896141e-03 	 9.043733e-04 	  0.000000e+00 	 3.754072e-02
3.386540e+00 	 8.586290e-03 	 9.015189e-04 	  0.000000e+00 	 3.891720e-02
3.047972e+00 	 1.360481e-02 	 8.740440e-04 	  0.000000e+00 	 2.277596e-02
2.743252e+00 	 2.416348e-02 	 7.760736e-04 	  0.000000e+00 	 1.100826e-02
2.468997e+00 	 7.401161e-02 	 6.976051e-04 	  0.000000e+00 	 3.156606e-03
2.222160e+00 	 9.350205e-02 	 6.743139e-04 	  0.000000e+00 	 2.409806e-03
2.000000e+00 	 9.350205e-02 	 6.743139e-04 	  0.000000e+00 	 0.000000e+00
 
AI-2022~FIC-2001  
  FreqPeriod(min) 	 Unc_UB 	 Bode 	 Unc_LB 	 S/N_Ratio
1.000000e+03 	 2.887802e-01 	 2.160540e-01 	  1.433277e-01 	 6.306610e-01
9.000254e+02 	 2.885980e-01 	 2.158717e-01 	  1.431455e-01 	 6.732137e-01
8.100456e+02 	 2.883725e-01 	 2.156462e-01 	  1.429200e-01 	 7.154026e-01
7.290616e+02 	 2.880934e-01 	 2.153671e-01 	  1.426409e-01 	 7.564724e-01
6.561739e+02 	 2.877477e-01 	 2.150214e-01 	  1.422952e-01 	 7.956732e-01
5.905732e+02 	 2.873192e-01 	 2.145929e-01 	  1.418667e-01 	 8.323051e-01
5.315308e+02 	 2.867877e-01 	 2.140614e-01 	  1.413352e-01 	 8.657537e-01
4.783912e+02 	 2.861277e-01 	 2.134015e-01 	  1.406752e-01 	 8.955137e-01
4.305642e+02 	 2.853074e-01 	 2.125812e-01 	  1.398549e-01 	 9.211936e-01
3.875187e+02 	 2.842865e-01 	 2.115602e-01 	  1.388340e-01 	 9.425034e-01
3.487767e+02 	 2.830141e-01 	 2.102878e-01 	  1.375616e-01 	 9.592255e-01
3.139079e+02 	 2.799888e-01 	 2.086998e-01 	  1.374108e-01 	 9.711743e-01
2.825250e+02 	 2.768223e-01 	 2.067149e-01 	  1.366074e-01 	 9.781492e-01
2.542797e+02 	 2.733728e-01 	 2.042305e-01 	  1.350882e-01 	 9.798835e-01
2.288582e+02 	 2.694775e-01 	 2.011178e-01 	  1.327580e-01 	 9.759955e-01
2.059782e+02 	 2.649472e-01 	 1.972160e-01 	  1.294847e-01 	 9.659413e-01
1.853856e+02 	 2.595607e-01 	 1.923276e-01 	  1.250944e-01 	 9.489773e-01
1.668517e+02 	 2.530613e-01 	 1.862152e-01 	  1.193692e-01 	 9.241387e-01
1.501708e+02 	 2.451588e-01 	 1.786043e-01 	  1.120498e-01 	 8.902503e-01
1.351575e+02 	 2.355417e-01 	 1.691952e-01 	  1.028488e-01 	 8.459958e-01
1.216452e+02 	 2.239083e-01 	 1.576953e-01 	  9.148243e-02 	 7.900851e-01
1.094837e+02 	 2.100267e-01 	 1.438791e-01 	  7.773144e-02 	 7.215742e-01
9.853815e+01 	 1.938372e-01 	 1.276905e-01 	  6.154376e-02 	 6.403951e-01
8.868683e+01 	 1.756023e-01 	 1.093941e-01 	  4.318586e-02 	 5.481250e-01
7.982040e+01 	 1.560924e-01 	 8.976048e-02 	  2.342857e-02 	 4.489111e-01
7.184038e+01 	 1.367276e-01 	 7.020901e-02 	  3.690381e-03 	 3.501445e-01
6.465817e+01 	 1.194392e-01 	 5.266954e-02 	  0.000000e+00 	 2.616843e-01
5.819399e+01 	 1.057595e-01 	 3.867361e-02 	  0.000000e+00 	 1.912411e-01
5.237607e+01 	 9.516419e-02 	 2.769818e-02 	  0.000000e+00 	 1.361959e-01
4.713979e+01 	 8.532695e-02 	 1.742209e-02 	  0.000000e+00 	 8.511325e-02
4.242700e+01 	 7.752144e-02 	 9.130875e-03 	  0.000000e+00 	 4.429083e-02
3.818538e+01 	 8.151261e-02 	 1.261141e-02 	  0.000000e+00 	 6.072036e-02
3.436781e+01 	 8.773500e-02 	 1.833391e-02 	  0.000000e+00 	 8.763680e-02
3.093190e+01 	 8.900565e-02 	 1.916775e-02 	  0.000000e+00 	 9.104951e-02
2.783950e+01 	 8.626160e-02 	 1.611895e-02 	  0.000000e+00 	 7.623463e-02
2.505625e+01 	 8.559635e-02 	 1.536064e-02 	  0.000000e+00 	 7.255192e-02
2.255126e+01 	 8.800686e-02 	 1.796395e-02 	  0.000000e+00 	 8.508157e-02
2.029671e+01 	 9.416615e-02 	 2.464285e-02 	  0.000000e+00 	 1.175867e-01
1.826755e+01 	 9.642853e-02 	 2.772257e-02 	  0.000000e+00 	 1.338557e-01
1.644126e+01 	 8.610478e-02 	 1.838105e-02 	  0.000000e+00 	 9.003829e-02
1.479755e+01 	 7.546839e-02 	 8.643588e-03 	  0.000000e+00 	 4.290956e-02
1.331817e+01 	 7.512476e-02 	 8.789496e-03 	  0.000000e+00 	 4.395590e-02
1.198669e+01 	 7.832970e-02 	 1.179595e-02 	  0.000000e+00 	 5.881507e-02
1.078833e+01 	 7.174018e-02 	 4.347740e-03 	  0.000000e+00 	 2.140179e-02
9.709767e+00 	 7.821892e-02 	 9.969475e-03 	  0.000000e+00 	 4.845860e-02
8.739037e+00 	 7.993276e-02 	 1.201286e-02 	  0.000000e+00 	 5.867420e-02
7.865355e+00 	 7.856886e-02 	 1.264152e-02 	  0.000000e+00 	 6.361088e-02
7.079019e+00 	 7.214088e-02 	 8.419804e-03 	  0.000000e+00 	 4.383455e-02
6.371296e+00 	 7.613677e-02 	 1.243812e-02 	  0.000000e+00 	 6.477718e-02
5.734328e+00 	 7.284746e-02 	 6.212045e-03 	  0.000000e+00 	 3.092625e-02
5.161041e+00 	 7.526545e-02 	 5.450743e-03 	  0.000000e+00 	 2.590040e-02
4.645068e+00 	 7.769422e-02 	 6.289817e-03 	  0.000000e+00 	 2.922206e-02
4.180679e+00 	 7.931114e-02 	 5.749471e-03 	  0.000000e+00 	 2.592830e-02
3.762717e+00 	 7.731715e-02 	 6.425830e-03 	  0.000000e+00 	 3.007003e-02
3.386540e+00 	 7.348098e-02 	 6.121396e-03 	  0.000000e+00 	 3.014733e-02
3.047972e+00 	 7.449403e-02 	 4.369777e-03 	  0.000000e+00 	 2.067230e-02
2.743252e+00 	 7.165054e-02 	 3.533075e-03 	  0.000000e+00 	 1.720648e-02
2.468997e+00 	 7.201665e-02 	 1.503088e-03 	  0.000000e+00 	 7.071464e-03
2.222160e+00 	 7.440317e-02 	 3.332427e-03 	  0.000000e+00 	 1.555491e-02
2.000000e+00 	 7.440317e-02 	 3.332427e-03 	  0.000000e+00 	 0.000000e+00
 
AI-2022~FIC-2002  
  FreqPeriod(min) 	 Unc_UB 	 Bode 	 Unc_LB 	 S/N_Ratio
1.000000e+03 	 4.797060e-01 	 3.644865e-01 	  2.492671e-01 	 6.249822e-01
9.000254e+02 	 4.793179e-01 	 3.640985e-01 	  2.488790e-01 	 6.714183e-01
8.100456e+02 	 4.788396e-01 	 3.636202e-01 	  2.484007e-01 	 7.183888e-01
7.290616e+02 	 4.782503e-01 	 3.630308e-01 	  2.478114e-01 	 7.651004e-01
6.561739e+02 	 4.775246e-01 	 3.623051e-01 	  2.470856e-01 	 8.106949e-01
5.905732e+02 	 4.766313e-01 	 3.614118e-01 	  2.461924e-01 	 8.542940e-01
5.315308e+02 	 4.755326e-01 	 3.603131e-01 	  2.450937e-01 	 8.950480e-01
4.783912e+02 	 4.741824e-01 	 3.589629e-01 	  2.437435e-01 	 9.321801e-01
4.305642e+02 	 4.725249e-01 	 3.573055e-01 	  2.420860e-01 	 9.650196e-01
3.875187e+02 	 4.704929e-01 	 3.552735e-01 	  2.400540e-01 	 9.930173e-01
3.487767e+02 	 4.680059e-01 	 3.527864e-01 	  2.375670e-01 	 1.015743e+00
3.139079e+02 	 4.620825e-01 	 3.497487e-01 	  2.374149e-01 	 1.032864e+00
2.825250e+02 	 4.559949e-01 	 3.460478e-01 	  2.361007e-01 	 1.044119e+00
2.542797e+02 	 4.495392e-01 	 3.415534e-01 	  2.335677e-01 	 1.049276e+00
2.288582e+02 	 4.425035e-01 	 3.361179e-01 	  2.297323e-01 	 1.048109e+00
2.059782e+02 	 4.346702e-01 	 3.295786e-01 	  2.244871e-01 	 1.040373e+00
1.853856e+02 	 4.258231e-01 	 3.217660e-01 	  2.177088e-01 	 1.025807e+00
1.668517e+02 	 4.157628e-01 	 3.125190e-01 	  2.092752e-01 	 1.004177e+00
1.501708e+02 	 4.043370e-01 	 3.017168e-01 	  1.990966e-01 	 9.753587e-01
1.351575e+02 	 3.914981e-01 	 2.893367e-01 	  1.871752e-01 	 9.395374e-01
1.216452e+02 	 3.774056e-01 	 2.755571e-01 	  1.737085e-01 	 8.975413e-01
1.094837e+02 	 3.625970e-01 	 2.609294e-01 	  1.592618e-01 	 8.514090e-01
9.853815e+01 	 3.482310e-01 	 2.466218e-01 	  1.450126e-01 	 8.051857e-01
8.868683e+01 	 3.363069e-01 	 2.346389e-01 	  1.329709e-01 	 7.656205e-01
7.982040e+01 	 3.294885e-01 	 2.276468e-01 	  1.258052e-01 	 7.415389e-01
7.184038e+01 	 3.298658e-01 	 2.277355e-01 	  1.256053e-01 	 7.397318e-01
6.465817e+01 	 3.365700e-01 	 2.340352e-01 	  1.315003e-01 	 7.571944e-01
5.819399e+01 	 3.440140e-01 	 2.409579e-01 	  1.379018e-01 	 7.756489e-01
5.237607e+01 	 3.432046e-01 	 2.395130e-01 	  1.358215e-01 	 7.662728e-01
4.713979e+01 	 3.273049e-01 	 2.228724e-01 	  1.184399e-01 	 7.079758e-01
4.242700e+01 	 3.017386e-01 	 1.964794e-01 	  9.122023e-02 	 6.192340e-01
3.818538e+01 	 2.894365e-01 	 1.833010e-01 	  7.716560e-02 	 5.729308e-01
3.436781e+01 	 2.968913e-01 	 1.898889e-01 	  8.288655e-02 	 5.887134e-01
3.093190e+01 	 2.899807e-01 	 1.822073e-01 	  7.443399e-02 	 5.608570e-01
2.783950e+01 	 2.612831e-01 	 1.529494e-01 	  4.461567e-02 	 4.683622e-01
2.505625e+01 	 2.412899e-01 	 1.327399e-01 	  2.418980e-02 	 4.056664e-01
2.255126e+01 	 2.113833e-01 	 1.030871e-01 	  0.000000e+00 	 3.157831e-01
2.029671e+01 	 1.906339e-01 	 8.313580e-02 	  0.000000e+00 	 2.565577e-01
1.826755e+01 	 1.716938e-01 	 6.549944e-02 	  0.000000e+00 	 2.046134e-01
1.644126e+01 	 1.322734e-01 	 2.768042e-02 	  0.000000e+00 	 8.779456e-02
1.479755e+01 	 1.557686e-01 	 5.267434e-02 	  0.000000e+00 	 1.694970e-01
1.331817e+01 	 1.726252e-01 	 7.039051e-02 	  0.000000e+00 	 2.284092e-01
1.198669e+01 	 1.442001e-01 	 4.171214e-02 	  0.000000e+00 	 1.350166e-01
1.078833e+01 	 1.287719e-01 	 2.492649e-02 	  0.000000e+00 	 7.962906e-02
9.709767e+00 	 1.464917e-01 	 4.121796e-02 	  0.000000e+00 	 1.298865e-01
8.739037e+00 	 1.276235e-01 	 2.275823e-02 	  0.000000e+00 	 7.199538e-02
7.865355e+00 	 1.107386e-01 	 8.946430e-03 	  0.000000e+00 	 2.915636e-02
7.079019e+00 	 1.150143e-01 	 1.671369e-02 	  0.000000e+00 	 5.640452e-02
6.371296e+00 	 1.021713e-01 	 3.949826e-03 	  0.000000e+00 	 1.334041e-02
5.734328e+00 	 1.168365e-01 	 1.400431e-02 	  0.000000e+00 	 4.517836e-02
5.161041e+00 	 1.163024e-01 	 8.519355e-03 	  0.000000e+00 	 2.622128e-02
4.645068e+00 	 1.142010e-01 	 4.065049e-03 	  0.000000e+00 	 1.224432e-02
4.180679e+00 	 1.220563e-01 	 8.559037e-03 	  0.000000e+00 	 2.501712e-02
3.762717e+00 	 1.119219e-01 	 2.495236e-03 	  0.000000e+00 	 7.564602e-03
3.386540e+00 	 1.087942e-01 	 4.905119e-03 	  0.000000e+00 	 1.566308e-02
3.047972e+00 	 1.131245e-01 	 4.880354e-03 	  0.000000e+00 	 1.495701e-02
2.743252e+00 	 1.105430e-01 	 5.488435e-03 	  0.000000e+00 	 1.733131e-02
2.468997e+00 	 1.144879e-01 	 5.543369e-03 	  0.000000e+00 	 1.687976e-02
2.222160e+00 	 1.132260e-01 	 3.959303e-03 	  0.000000e+00 	 1.202067e-02
2.000000e+00 	 1.132260e-01 	 3.959303e-03 	  0.000000e+00 	 0.000000e+00
 
AI-2022~FIC-2004  
  FreqPeriod(min) 	 Unc_UB 	 Bode 	 Unc_LB 	 S/N_Ratio
1.000000e+03 	 2.491244e-01 	 1.858094e-01 	  1.224944e-01 	 8.144339e-01
9.000254e+02 	 2.498876e-01 	 1.865726e-01 	  1.232576e-01 	 8.448252e-01
8.100456e+02 	 2.508142e-01 	 1.874993e-01 	  1.241843e-01 	 8.735177e-01
7.290616e+02 	 2.519352e-01 	 1.886202e-01 	  1.253053e-01 	 9.006231e-01
6.561739e+02 	 2.532847e-01 	 1.899698e-01 	  1.266548e-01 	 9.263764e-01
5.905732e+02 	 2.549001e-01 	 1.915851e-01 	  1.282701e-01 	 9.511096e-01
5.315308e+02 	 2.568198e-01 	 1.935048e-01 	  1.301899e-01 	 9.752188e-01
4.783912e+02 	 2.590812e-01 	 1.957662e-01 	  1.324513e-01 	 9.991264e-01
4.305642e+02 	 2.617161e-01 	 1.984012e-01 	  1.350862e-01 	 1.023239e+00
3.875187e+02 	 2.647445e-01 	 2.014295e-01 	  1.381146e-01 	 1.047898e+00
3.487767e+02 	 2.681655e-01 	 2.048505e-01 	  1.415356e-01 	 1.073318e+00
3.139079e+02 	 2.715769e-01 	 2.086303e-01 	  1.456837e-01 	 1.099519e+00
2.825250e+02 	 2.753343e-01 	 2.126859e-01 	  1.500376e-01 	 1.126230e+00
2.542797e+02 	 2.792741e-01 	 2.168660e-01 	  1.544580e-01 	 1.152786e+00
2.288582e+02 	 2.831433e-01 	 2.209275e-01 	  1.587116e-01 	 1.178002e+00
2.059782e+02 	 2.865746e-01 	 2.245108e-01 	  1.624469e-01 	 1.200042e+00
1.853856e+02 	 2.890621e-01 	 2.271167e-01 	  1.651713e-01 	 1.216292e+00
1.668517e+02 	 2.899465e-01 	 2.280909e-01 	  1.662354e-01 	 1.223284e+00
1.501708e+02 	 2.884167e-01 	 2.266264e-01 	  1.648361e-01 	 1.216713e+00
1.351575e+02 	 2.835487e-01 	 2.218021e-01 	  1.600555e-01 	 1.191654e+00
1.216452e+02 	 2.744064e-01 	 2.126840e-01 	  1.509615e-01 	 1.143114e+00
1.094837e+02 	 2.602447e-01 	 1.985284e-01 	  1.368120e-01 	 1.067137e+00
9.853815e+01 	 2.408690e-01 	 1.791416e-01 	  1.174142e-01 	 9.627555e-01
8.868683e+01 	 2.172214e-01 	 1.554661e-01 	  9.371072e-02 	 8.351390e-01
7.982040e+01 	 1.922239e-01 	 1.304239e-01 	  6.862394e-02 	 7.001105e-01
7.184038e+01 	 1.714499e-01 	 1.095886e-01 	  4.772728e-02 	 5.876840e-01
6.465817e+01 	 1.611592e-01 	 9.922011e-02 	  3.728105e-02 	 5.314137e-01
5.819399e+01 	 1.611256e-01 	 9.909339e-02 	  3.706115e-02 	 5.299379e-01
5.237607e+01 	 1.624314e-01 	 1.002929e-01 	  3.815436e-02 	 5.354353e-01
4.713979e+01 	 1.564901e-01 	 9.423686e-02 	  3.198358e-02 	 5.021764e-01
4.242700e+01 	 1.415772e-01 	 7.920859e-02 	  1.684002e-02 	 4.213124e-01
3.818538e+01 	 1.229424e-01 	 6.047076e-02 	  0.000000e+00 	 3.211146e-01
3.436781e+01 	 1.092442e-01 	 4.670032e-02 	  0.000000e+00 	 2.477040e-01
3.093190e+01 	 1.068531e-01 	 4.429313e-02 	  0.000000e+00 	 2.348755e-01
2.783950e+01 	 1.110097e-01 	 4.851990e-02 	  0.000000e+00 	 2.575777e-01
2.505625e+01 	 1.126778e-01 	 5.037434e-02 	  0.000000e+00 	 2.682222e-01
2.255126e+01 	 1.120285e-01 	 5.004715e-02 	  0.000000e+00 	 2.678649e-01
2.029671e+01 	 1.046929e-01 	 4.316296e-02 	  0.000000e+00 	 2.327138e-01
1.826755e+01 	 8.886250e-02 	 2.786296e-02 	  0.000000e+00 	 1.515299e-01
1.644126e+01 	 7.918224e-02 	 1.868669e-02 	  0.000000e+00 	 1.024723e-01
1.479755e+01 	 9.014949e-02 	 2.997641e-02 	  0.000000e+00 	 1.652628e-01
1.331817e+01 	 8.908341e-02 	 2.888301e-02 	  0.000000e+00 	 1.591625e-01
1.198669e+01 	 8.066592e-02 	 1.999292e-02 	  0.000000e+00 	 1.093146e-01
1.078833e+01 	 7.866093e-02 	 1.720413e-02 	  0.000000e+00 	 9.286682e-02
9.709767e+00 	 7.679041e-02 	 1.477379e-02 	  0.000000e+00 	 7.902811e-02
8.739037e+00 	 6.476910e-02 	 3.188586e-03 	  0.000000e+00 	 1.717720e-02
7.865355e+00 	 8.247985e-02 	 2.244924e-02 	  0.000000e+00 	 1.240585e-01
7.079019e+00 	 7.101409e-02 	 1.243632e-02 	  0.000000e+00 	 7.042982e-02
6.371296e+00 	 6.208502e-02 	 3.212809e-03 	  0.000000e+00 	 1.810390e-02
5.734328e+00 	 7.143280e-02 	 1.007389e-02 	  0.000000e+00 	 5.446499e-02
5.161041e+00 	 7.489311e-02 	 1.070528e-02 	  0.000000e+00 	 5.532772e-02
4.645068e+00 	 6.927465e-02 	 3.270815e-03 	  0.000000e+00 	 1.643935e-02
4.180679e+00 	 7.249565e-02 	 4.784496e-03 	  0.000000e+00 	 2.344087e-02
3.762717e+00 	 6.872222e-02 	 3.676585e-03 	  0.000000e+00 	 1.875099e-02
3.386540e+00 	 6.286281e-02 	 6.928413e-04 	  0.000000e+00 	 3.697012e-03
3.047972e+00 	 6.669278e-02 	 2.235824e-03 	  0.000000e+00 	 1.150709e-02
2.743252e+00 	 6.406698e-02 	 1.584673e-03 	  0.000000e+00 	 8.413568e-03
2.468997e+00 	 6.510235e-02 	 1.801781e-03 	  0.000000e+00 	 9.442612e-03
2.222160e+00 	 6.502730e-02 	 1.568597e-03 	  0.000000e+00 	 8.200075e-03
2.000000e+00 	 6.502730e-02 	 1.568597e-03 	  0.000000e+00 	 0.000000e+00
 
AI-2022~TIC-2003  
  FreqPeriod(min) 	 Unc_UB 	 Bode 	 Unc_LB 	 S/N_Ratio
1.000000e+03 	 5.934402e-01 	 5.447005e-01 	  4.959607e-01 	 2.287700e+00
9.000254e+02 	 5.927514e-01 	 5.440116e-01 	  4.952719e-01 	 2.449457e+00
8.100456e+02 	 5.919061e-01 	 5.431663e-01 	  4.944266e-01 	 2.611247e+00
7.290616e+02 	 5.908703e-01 	 5.421305e-01 	  4.933907e-01 	 2.770151e+00
6.561739e+02 	 5.896033e-01 	 5.408635e-01 	  4.921238e-01 	 2.923145e+00
5.905732e+02 	 5.880570e-01 	 5.393173e-01 	  4.905775e-01 	 3.067266e+00
5.315308e+02 	 5.861752e-01 	 5.374354e-01 	  4.886957e-01 	 3.199789e+00
4.783912e+02 	 5.838928e-01 	 5.351531e-01 	  4.864133e-01 	 3.318368e+00
4.305642e+02 	 5.811369e-01 	 5.323971e-01 	  4.836574e-01 	 3.421131e+00
3.875187e+02 	 5.778274e-01 	 5.290877e-01 	  4.803479e-01 	 3.506722e+00
3.487767e+02 	 5.738812e-01 	 5.251414e-01 	  4.764017e-01 	 3.574297e+00
3.139079e+02 	 5.681290e-01 	 5.204780e-01 	  4.728270e-01 	 3.623496e+00
2.825250e+02 	 5.617839e-01 	 5.150305e-01 	  4.682772e-01 	 3.654417e+00
2.542797e+02 	 5.547803e-01 	 5.087625e-01 	  4.627446e-01 	 3.667638e+00
2.288582e+02 	 5.471117e-01 	 5.016921e-01 	  4.562724e-01 	 3.664301e+00
2.059782e+02 	 5.388635e-01 	 4.939260e-01 	  4.489885e-01 	 3.646282e+00
1.853856e+02 	 5.302540e-01 	 4.857003e-01 	  4.411465e-01 	 3.616444e+00
1.668517e+02 	 5.216750e-01 	 4.774213e-01 	  4.331676e-01 	 3.578905e+00
1.501708e+02 	 5.137140e-01 	 4.696885e-01 	  4.256630e-01 	 3.539185e+00
1.351575e+02 	 5.071244e-01 	 4.632644e-01 	  4.194045e-01 	 3.503953e+00
1.216452e+02 	 5.026922e-01 	 4.589421e-01 	  4.151920e-01 	 3.479978e+00
1.094837e+02 	 5.009610e-01 	 4.572701e-01 	  4.135792e-01 	 3.472000e+00
9.853815e+01 	 5.018330e-01 	 4.581539e-01 	  4.144749e-01 	 3.479653e+00
8.868683e+01 	 5.041881e-01 	 4.604753e-01 	  4.167625e-01 	 3.494580e+00
7.982040e+01 	 5.057866e-01 	 4.619949e-01 	  4.182032e-01 	 3.499796e+00
7.184038e+01 	 5.037468e-01 	 4.598308e-01 	  4.159147e-01 	 3.473542e+00
6.465817e+01 	 4.957368e-01 	 4.516503e-01 	  4.075638e-01 	 3.398556e+00
5.819399e+01 	 4.815900e-01 	 4.372865e-01 	  3.929830e-01 	 3.274355e+00
5.237607e+01 	 4.642146e-01 	 4.196485e-01 	  3.750823e-01 	 3.123761e+00
4.713979e+01 	 4.479482e-01 	 4.030771e-01 	  3.582061e-01 	 2.980024e+00
4.242700e+01 	 4.345740e-01 	 3.893641e-01 	  3.441541e-01 	 2.857061e+00
3.818538e+01 	 4.225716e-01 	 3.770036e-01 	  3.314356e-01 	 2.744626e+00
3.436781e+01 	 4.118444e-01 	 3.659235e-01 	  3.200027e-01 	 2.643493e+00
3.093190e+01 	 4.020050e-01 	 3.557724e-01 	  3.095397e-01 	 2.552825e+00
2.783950e+01 	 3.855919e-01 	 3.391358e-01 	  2.926797e-01 	 2.421744e+00
2.505625e+01 	 3.594562e-01 	 3.129199e-01 	  2.663835e-01 	 2.230686e+00
2.255126e+01 	 3.270659e-01 	 2.806442e-01 	  2.342226e-01 	 2.005549e+00
2.029671e+01 	 2.908503e-01 	 2.447679e-01 	  1.986855e-01 	 1.762045e+00
1.826755e+01 	 2.556029e-01 	 2.100669e-01 	  1.645308e-01 	 1.530381e+00
1.644126e+01 	 2.204087e-01 	 1.755380e-01 	  1.306674e-01 	 1.297796e+00
1.479755e+01 	 1.836448e-01 	 1.393916e-01 	  9.513834e-02 	 1.044935e+00
1.331817e+01 	 1.558481e-01 	 1.119422e-01 	  6.803627e-02 	 8.458013e-01
1.198669e+01 	 1.345636e-01 	 9.054114e-02 	  4.651864e-02 	 6.822899e-01
1.078833e+01 	 1.144194e-01 	 6.982625e-02 	  2.523314e-02 	 5.194559e-01
9.709767e+00 	 9.781826e-02 	 5.263803e-02 	  7.457789e-03 	 3.864994e-01
8.739037e+00 	 8.505664e-02 	 4.007094e-02 	  0.000000e+00 	 2.954968e-01
7.865355e+00 	 7.279350e-02 	 2.912030e-02 	  0.000000e+00 	 2.211967e-01
7.079019e+00 	 6.135982e-02 	 1.916200e-02 	  0.000000e+00 	 1.506429e-01
6.371296e+00 	 4.988504e-02 	 7.714868e-03 	  0.000000e+00 	 6.069052e-02
5.734328e+00 	 4.641350e-02 	 2.285984e-03 	  0.000000e+00 	 1.718547e-02
5.161041e+00 	 5.359036e-02 	 7.341999e-03 	  0.000000e+00 	 5.266422e-02
4.645068e+00 	 5.599341e-02 	 8.710143e-03 	  0.000000e+00 	 6.111045e-02
4.180679e+00 	 5.648108e-02 	 7.770989e-03 	  0.000000e+00 	 5.292429e-02
3.762717e+00 	 5.210679e-02 	 5.145784e-03 	  0.000000e+00 	 3.635063e-02
3.386540e+00 	 4.734476e-02 	 2.746325e-03 	  0.000000e+00 	 2.042820e-02
3.047972e+00 	 4.915613e-02 	 2.711504e-03 	  0.000000e+00 	 1.936745e-02
2.743252e+00 	 4.905787e-02 	 3.954144e-03 	  0.000000e+00 	 2.908290e-02
2.468997e+00 	 4.918419e-02 	 2.479152e-03 	  0.000000e+00 	 1.760910e-02
2.222160e+00 	 4.745942e-02 	 6.263371e-04 	  0.000000e+00 	 4.436629e-03
2.000000e+00 	 4.745942e-02 	 6.263371e-04 	  0.000000e+00 	 0.000000e+00
 
Typical Moves
FI-2005 	 1.000000
FIC-2001 	 1.000000
FIC-2002 	 1.000000
FIC-2004 	 1.000000
TIC-2003 	 1.000000
