AI-2020~FI-2005  
  FreqPeriod(min) 	 Unc_UB 	 Bode 	 Unc_LB 	 S/N_Ratio
1.000000e+03 	 4.116084e-01 	 3.605847e-01 	  3.095610e-01 	 1.375608e+00
9.000254e+02 	 4.114534e-01 	 3.604296e-01 	  3.094059e-01 	 1.450682e+00
8.100456e+02 	 4.112623e-01 	 3.602386e-01 	  3.092148e-01 	 1.524562e+00
7.290616e+02 	 4.110268e-01 	 3.600031e-01 	  3.089794e-01 	 1.595815e+00
6.561739e+02 	 4.107369e-01 	 3.597132e-01 	  3.086894e-01 	 1.663099e+00
5.905732e+02 	 4.103800e-01 	 3.593562e-01 	  3.083325e-01 	 1.725240e+00
5.315308e+02 	 4.099410e-01 	 3.589172e-01 	  3.078935e-01 	 1.781287e+00
4.783912e+02 	 4.094014e-01 	 3.583777e-01 	  3.073540e-01 	 1.830535e+00
4.305642e+02 	 4.087390e-01 	 3.577153e-01 	  3.066916e-01 	 1.872514e+00
3.875187e+02 	 4.079269e-01 	 3.569032e-01 	  3.058795e-01 	 1.906958e+00
3.487767e+02 	 4.069327e-01 	 3.559090e-01 	  3.048853e-01 	 1.933745e+00
3.139079e+02 	 4.057181e-01 	 3.546944e-01 	  3.036706e-01 	 1.952839e+00
2.825250e+02 	 4.042377e-01 	 3.532140e-01 	  3.021903e-01 	 1.964231e+00
2.542797e+02 	 4.024388e-01 	 3.514151e-01 	  3.003914e-01 	 1.967886e+00
2.288582e+02 	 4.000525e-01 	 3.492372e-01 	  2.984219e-01 	 1.963710e+00
2.059782e+02 	 3.973604e-01 	 3.466123e-01 	  2.958641e-01 	 1.951530e+00
1.853856e+02 	 3.942857e-01 	 3.434660e-01 	  2.926463e-01 	 1.931094e+00
1.668517e+02 	 3.907519e-01 	 3.397202e-01 	  2.886885e-01 	 1.902098e+00
1.501708e+02 	 3.866872e-01 	 3.352970e-01 	  2.839067e-01 	 1.864234e+00
1.351575e+02 	 3.820301e-01 	 3.301248e-01 	  2.782195e-01 	 1.817263e+00
1.216452e+02 	 3.767374e-01 	 3.241469e-01 	  2.715565e-01 	 1.761111e+00
1.094837e+02 	 3.707922e-01 	 3.173302e-01 	  2.638683e-01 	 1.695971e+00
9.853815e+01 	 3.642102e-01 	 3.096725e-01 	  2.551348e-01 	 1.622399e+00
8.868683e+01 	 3.570373e-01 	 3.012021e-01 	  2.453669e-01 	 1.541351e+00
7.982040e+01 	 3.493316e-01 	 2.919629e-01 	  2.345942e-01 	 1.454134e+00
7.184038e+01 	 3.411198e-01 	 2.819755e-01 	  2.228313e-01 	 1.362230e+00
6.465817e+01 	 3.323291e-01 	 2.711752e-01 	  2.100214e-01 	 1.267003e+00
5.819399e+01 	 3.227115e-01 	 2.593452e-01 	  1.959789e-01 	 1.169422e+00
5.237607e+01 	 3.118118e-01 	 2.460951e-01 	  1.803783e-01 	 1.069987e+00
4.713979e+01 	 2.990428e-01 	 2.309481e-01 	  1.628534e-01 	 9.690651e-01
4.242700e+01 	 2.838953e-01 	 2.135594e-01 	  1.432234e-01 	 8.675469e-01
3.818538e+01 	 2.661831e-01 	 1.939594e-01 	  1.217358e-01 	 7.673319e-01
3.436781e+01 	 2.461158e-01 	 1.726082e-01 	  9.910058e-02 	 6.709354e-01
3.093190e+01 	 2.241663e-01 	 1.502186e-01 	  7.627090e-02 	 5.804310e-01
2.783950e+01 	 2.011439e-01 	 1.277707e-01 	  5.439747e-02 	 4.975598e-01
2.505625e+01 	 1.785162e-01 	 1.067806e-01 	  3.504502e-02 	 4.253138e-01
2.255126e+01 	 1.576884e-01 	 8.856292e-02 	  1.943741e-02 	 3.660709e-01
2.029671e+01 	 1.390407e-01 	 7.329786e-02 	  7.555039e-03 	 3.185625e-01
1.826755e+01 	 1.228311e-01 	 6.099702e-02 	  0.000000e+00 	 2.818595e-01
1.644126e+01 	 1.082381e-01 	 5.061185e-02 	  0.000000e+00 	 2.509480e-01
1.479755e+01 	 9.485302e-02 	 4.157870e-02 	  0.000000e+00 	 2.229999e-01
1.331817e+01 	 8.236543e-02 	 3.354751e-02 	  0.000000e+00 	 1.963508e-01
1.198669e+01 	 7.089494e-02 	 2.677055e-02 	  0.000000e+00 	 1.733526e-01
1.078833e+01 	 5.987713e-02 	 2.108479e-02 	  0.000000e+00 	 1.553012e-01
9.709767e+00 	 4.837669e-02 	 1.629554e-02 	  0.000000e+00 	 1.451345e-01
8.739037e+00 	 3.573993e-02 	 1.236870e-02 	  0.000000e+00 	 1.512147e-01
7.865355e+00 	 2.324771e-02 	 9.358455e-03 	  0.000000e+00 	 1.925205e-01
7.079019e+00 	 1.437875e-02 	 6.979992e-03 	  0.000000e+00 	 2.695552e-01
6.371296e+00 	 1.091563e-02 	 5.121576e-03 	  0.000000e+00 	 2.525650e-01
5.734328e+00 	 8.861628e-03 	 3.871965e-03 	  0.000000e+00 	 2.217236e-01
5.161041e+00 	 6.233860e-03 	 2.693486e-03 	  0.000000e+00 	 2.173788e-01
4.645068e+00 	 5.754070e-03 	 2.222766e-03 	  0.000000e+00 	 1.798500e-01
4.180679e+00 	 5.208357e-03 	 2.004031e-03 	  0.000000e+00 	 1.786979e-01
3.762717e+00 	 4.982214e-03 	 1.502065e-03 	  0.000000e+00 	 1.233226e-01
3.386540e+00 	 4.591530e-03 	 1.303384e-03 	  0.000000e+00 	 1.132590e-01
3.047972e+00 	 6.708578e-03 	 1.165391e-03 	  0.000000e+00 	 6.007088e-02
2.743252e+00 	 1.082985e-02 	 1.108386e-03 	  0.000000e+00 	 3.257698e-02
2.468997e+00 	 3.170233e-02 	 1.084783e-03 	  0.000000e+00 	 1.012335e-02
2.222160e+00 	 4.019139e-02 	 1.035395e-03 	  0.000000e+00 	 7.555432e-03
2.000000e+00 	 4.019139e-02 	 1.035395e-03 	  0.000000e+00 	 0.000000e+00
 
AI-2020~FIC-2001  
  FreqPeriod(min) 	 Unc_UB 	 Bode 	 Unc_LB 	 S/N_Ratio
1.000000e+03 	 4.905824e-01 	 4.359255e-01 	  3.812685e-01 	 1.442480e+00
9.000254e+02 	 4.899282e-01 	 4.352713e-01 	  3.806144e-01 	 1.527111e+00
8.100456e+02 	 4.891219e-01 	 4.344649e-01 	  3.798080e-01 	 1.611227e+00
7.290616e+02 	 4.881282e-01 	 4.334712e-01 	  3.788143e-01 	 1.693085e+00
6.561739e+02 	 4.869042e-01 	 4.322472e-01 	  3.775903e-01 	 1.770928e+00
5.905732e+02 	 4.853973e-01 	 4.307404e-01 	  3.760834e-01 	 1.843087e+00
5.315308e+02 	 4.835434e-01 	 4.288864e-01 	  3.742295e-01 	 1.908051e+00
4.783912e+02 	 4.812643e-01 	 4.266074e-01 	  3.719504e-01 	 1.964526e+00
4.305642e+02 	 4.784654e-01 	 4.238085e-01 	  3.691516e-01 	 2.011445e+00
3.875187e+02 	 4.750325e-01 	 4.203756e-01 	  3.657187e-01 	 2.047943e+00
3.487767e+02 	 4.708285e-01 	 4.161716e-01 	  3.615147e-01 	 2.073309e+00
3.139079e+02 	 4.656903e-01 	 4.110334e-01 	  3.563764e-01 	 2.086907e+00
2.825250e+02 	 4.594257e-01 	 4.047687e-01 	  3.501118e-01 	 2.088101e+00
2.542797e+02 	 4.518113e-01 	 3.971544e-01 	  3.424975e-01 	 2.076184e+00
2.288582e+02 	 4.419975e-01 	 3.879359e-01 	  3.338743e-01 	 2.050325e+00
2.059782e+02 	 4.304105e-01 	 3.768309e-01 	  3.232513e-01 	 2.009548e+00
1.853856e+02 	 4.167323e-01 	 3.635394e-01 	  3.103465e-01 	 1.952763e+00
1.668517e+02 	 4.006497e-01 	 3.477637e-01 	  2.948776e-01 	 1.878861e+00
1.501708e+02 	 3.818914e-01 	 3.292452e-01 	  2.765989e-01 	 1.786914e+00
1.351575e+02 	 3.602901e-01 	 3.078276e-01 	  2.553652e-01 	 1.676527e+00
1.216452e+02 	 3.358838e-01 	 2.835587e-01 	  2.312336e-01 	 1.548406e+00
1.094837e+02 	 3.090729e-01 	 2.568477e-01 	  2.046225e-01 	 1.405230e+00
9.853815e+01 	 2.808454e-01 	 2.286916e-01 	  1.765379e-01 	 1.252899e+00
8.868683e+01 	 2.530478e-01 	 2.009474e-01 	  1.488469e-01 	 1.102027e+00
7.982040e+01 	 2.285373e-01 	 1.764851e-01 	  1.244329e-01 	 9.687698e-01
7.184038e+01 	 2.106907e-01 	 1.586996e-01 	  1.067085e-01 	 8.721641e-01
6.465817e+01 	 2.015997e-01 	 1.497076e-01 	  9.781554e-02 	 8.243173e-01
5.819399e+01 	 2.000014e-01 	 1.482819e-01 	  9.656232e-02 	 8.191906e-01
5.237607e+01 	 2.022623e-01 	 1.508377e-01 	  9.941319e-02 	 8.380908e-01
4.713979e+01 	 2.063998e-01 	 1.554570e-01 	  1.045141e-01 	 8.719239e-01
4.242700e+01 	 2.139585e-01 	 1.637622e-01 	  1.135659e-01 	 9.321659e-01
3.818538e+01 	 2.250358e-01 	 1.759348e-01 	  1.268338e-01 	 1.023794e+00
3.436781e+01 	 2.312373e-01 	 1.836534e-01 	  1.360695e-01 	 1.102784e+00
3.093190e+01 	 2.208754e-01 	 1.752676e-01 	  1.296598e-01 	 1.098029e+00
2.783950e+01 	 1.976070e-01 	 1.544108e-01 	  1.112145e-01 	 1.021370e+00
2.505625e+01 	 1.835714e-01 	 1.431260e-01 	  1.026806e-01 	 1.011116e+00
2.255126e+01 	 1.753030e-01 	 1.377887e-01 	  1.002745e-01 	 1.049468e+00
2.029671e+01 	 1.633331e-01 	 1.287373e-01 	  9.414149e-02 	 1.063243e+00
1.826755e+01 	 1.608390e-01 	 1.289528e-01 	  9.706661e-02 	 1.155526e+00
1.644126e+01 	 1.465710e-01 	 1.170045e-01 	  8.743789e-02 	 1.130715e+00
1.479755e+01 	 1.343727e-01 	 1.065696e-01 	  7.876657e-02 	 1.095197e+00
1.331817e+01 	 1.299392e-01 	 1.031821e-01 	  7.642503e-02 	 1.101837e+00
1.198669e+01 	 1.192592e-01 	 9.267573e-02 	  6.609229e-02 	 9.961080e-01
1.078833e+01 	 1.010850e-01 	 7.372165e-02 	  4.635835e-02 	 7.698004e-01
9.709767e+00 	 9.032424e-02 	 6.146445e-02 	  3.260465e-02 	 6.085306e-01
8.739037e+00 	 9.052659e-02 	 6.041862e-02 	  3.031064e-02 	 5.733779e-01
7.865355e+00 	 7.930813e-02 	 4.948500e-02 	  1.966187e-02 	 4.741022e-01
7.079019e+00 	 6.690325e-02 	 3.856786e-02 	  1.023247e-02 	 3.889090e-01
6.371296e+00 	 6.362379e-02 	 3.618138e-02 	  8.738967e-03 	 3.767164e-01
5.734328e+00 	 6.367258e-02 	 3.578750e-02 	  7.902422e-03 	 3.667002e-01
5.161041e+00 	 6.045494e-02 	 3.201271e-02 	  3.570487e-03 	 3.215959e-01
4.645068e+00 	 5.649769e-02 	 2.760799e-02 	  0.000000e+00 	 2.730508e-01
4.180679e+00 	 5.547396e-02 	 2.430847e-02 	  0.000000e+00 	 2.228617e-01
3.762717e+00 	 5.350851e-02 	 2.263769e-02 	  0.000000e+00 	 2.095250e-01
3.386540e+00 	 4.657326e-02 	 1.775155e-02 	  0.000000e+00 	 1.759821e-01
3.047972e+00 	 4.388891e-02 	 1.335563e-02 	  0.000000e+00 	 1.249806e-01
2.743252e+00 	 4.101202e-02 	 1.269756e-02 	  0.000000e+00 	 1.281338e-01
2.468997e+00 	 4.331848e-02 	 1.387046e-02 	  0.000000e+00 	 1.345818e-01
2.222160e+00 	 4.332723e-02 	 1.334862e-02 	  0.000000e+00 	 1.272262e-01
2.000000e+00 	 4.332723e-02 	 1.334862e-02 	  0.000000e+00 	 0.000000e+00
 
AI-2020~FIC-2002  
  FreqPeriod(min) 	 Unc_UB 	 Bode 	 Unc_LB 	 S/N_Ratio
1.000000e+03 	 2.460798e-01 	 1.607171e-01 	  7.535450e-02 	 3.124008e-01
9.000254e+02 	 2.461734e-01 	 1.608107e-01 	  7.544806e-02 	 3.336128e-01
8.100456e+02 	 2.462869e-01 	 1.609242e-01 	  7.556160e-02 	 3.554074e-01
7.290616e+02 	 2.464241e-01 	 1.610615e-01 	  7.569882e-02 	 3.774603e-01
6.561739e+02 	 2.465891e-01 	 1.612264e-01 	  7.586380e-02 	 3.994247e-01
5.905732e+02 	 2.467861e-01 	 1.614235e-01 	  7.606081e-02 	 4.209540e-01
5.315308e+02 	 2.470194e-01 	 1.616567e-01 	  7.629410e-02 	 4.417248e-01
4.783912e+02 	 2.472926e-01 	 1.619300e-01 	  7.656734e-02 	 4.614580e-01
4.305642e+02 	 2.476081e-01 	 1.622455e-01 	  7.688282e-02 	 4.799339e-01
3.875187e+02 	 2.479655e-01 	 1.626029e-01 	  7.724025e-02 	 4.969971e-01
3.487767e+02 	 2.483602e-01 	 1.629975e-01 	  7.763489e-02 	 5.125520e-01
3.139079e+02 	 2.487803e-01 	 1.634176e-01 	  7.805497e-02 	 5.265466e-01
2.825250e+02 	 2.492036e-01 	 1.638410e-01 	  7.847832e-02 	 5.389488e-01
2.542797e+02 	 2.495934e-01 	 1.642307e-01 	  7.886809e-02 	 5.497158e-01
2.288582e+02 	 2.486647e-01 	 1.645307e-01 	  8.039670e-02 	 5.587623e-01
2.059782e+02 	 2.477951e-01 	 1.646611e-01 	  8.152712e-02 	 5.659318e-01
1.853856e+02 	 2.468444e-01 	 1.645174e-01 	  8.219044e-02 	 5.709806e-01
1.668517e+02 	 2.456585e-01 	 1.639759e-01 	  8.229335e-02 	 5.735909e-01
1.501708e+02 	 2.440891e-01 	 1.629140e-01 	  8.173885e-02 	 5.734388e-01
1.351575e+02 	 2.420383e-01 	 1.612557e-01 	  8.047305e-02 	 5.703595e-01
1.216452e+02 	 2.395453e-01 	 1.590590e-01 	  7.857274e-02 	 5.646613e-01
1.094837e+02 	 2.369232e-01 	 1.566542e-01 	  7.638509e-02 	 5.576290e-01
9.853815e+01 	 2.349283e-01 	 1.548139e-01 	  7.469953e-02 	 5.521424e-01
8.868683e+01 	 2.348491e-01 	 1.548447e-01 	  7.484023e-02 	 5.530111e-01
7.982040e+01 	 2.382497e-01 	 1.583321e-01 	  7.841461e-02 	 5.660811e-01
7.184038e+01 	 2.460997e-01 	 1.662745e-01 	  8.644925e-02 	 5.951646e-01
6.465817e+01 	 2.575346e-01 	 1.778465e-01 	  9.815849e-02 	 6.376816e-01
5.819399e+01 	 2.691752e-01 	 1.897246e-01 	  1.102740e-01 	 6.823044e-01
5.237607e+01 	 2.757703e-01 	 1.967336e-01 	  1.176969e-01 	 7.112155e-01
4.713979e+01 	 2.722993e-01 	 1.939531e-01 	  1.156068e-01 	 7.073433e-01
4.242700e+01 	 2.574132e-01 	 1.801566e-01 	  1.029000e-01 	 6.662942e-01
3.818538e+01 	 2.366829e-01 	 1.610476e-01 	  8.541240e-02 	 6.083896e-01
3.436781e+01 	 2.190986e-01 	 1.457338e-01 	  7.236910e-02 	 5.675768e-01
3.093190e+01 	 2.028605e-01 	 1.324788e-01 	  6.209713e-02 	 5.378219e-01
2.783950e+01 	 1.775975e-01 	 1.108819e-01 	  4.416635e-02 	 4.748814e-01
2.505625e+01 	 1.545702e-01 	 9.206140e-02 	  2.955258e-02 	 4.208118e-01
2.255126e+01 	 1.508391e-01 	 9.283682e-02 	  3.483453e-02 	 4.573269e-01
2.029671e+01 	 1.432713e-01 	 8.977866e-02 	  3.628606e-02 	 4.795469e-01
1.826755e+01 	 1.301215e-01 	 8.083710e-02 	  3.155268e-02 	 4.686544e-01
1.644126e+01 	 1.118456e-01 	 6.618280e-02 	  2.051996e-02 	 4.141273e-01
1.479755e+01 	 1.069752e-01 	 6.408185e-02 	  2.118852e-02 	 4.268712e-01
1.331817e+01 	 9.294789e-02 	 5.171039e-02 	  1.047289e-02 	 3.582921e-01
1.198669e+01 	 7.621021e-02 	 3.526131e-02 	  0.000000e+00 	 2.460412e-01
1.078833e+01 	 6.962586e-02 	 2.746158e-02 	  0.000000e+00 	 1.860941e-01
9.709767e+00 	 5.890506e-02 	 1.438928e-02 	  0.000000e+00 	 9.235843e-02
8.739037e+00 	 7.051556e-02 	 2.403022e-02 	  0.000000e+00 	 1.477044e-01
7.865355e+00 	 7.355025e-02 	 2.750319e-02 	  0.000000e+00 	 1.706604e-01
7.079019e+00 	 7.082548e-02 	 2.711333e-02 	  0.000000e+00 	 1.772280e-01
6.371296e+00 	 6.809145e-02 	 2.577604e-02 	  0.000000e+00 	 1.740481e-01
5.734328e+00 	 6.490383e-02 	 2.187141e-02 	  0.000000e+00 	 1.452220e-01
5.161041e+00 	 6.314178e-02 	 1.923141e-02 	  0.000000e+00 	 1.251398e-01
4.645068e+00 	 6.181744e-02 	 1.725726e-02 	  0.000000e+00 	 1.106564e-01
4.180679e+00 	 6.016773e-02 	 1.208295e-02 	  0.000000e+00 	 7.179875e-02
3.762717e+00 	 6.124115e-02 	 1.358946e-02 	  0.000000e+00 	 8.148459e-02
3.386540e+00 	 5.455475e-02 	 1.010285e-02 	  0.000000e+00 	 6.493892e-02
3.047972e+00 	 5.013967e-02 	 3.008370e-03 	  0.000000e+00 	 1.823784e-02
2.743252e+00 	 5.120507e-02 	 7.536937e-03 	  0.000000e+00 	 4.931533e-02
2.468997e+00 	 5.459500e-02 	 9.097377e-03 	  0.000000e+00 	 5.713196e-02
2.222160e+00 	 5.426620e-02 	 8.176031e-03 	  0.000000e+00 	 5.068575e-02
2.000000e+00 	 5.426620e-02 	 8.176031e-03 	  0.000000e+00 	 0.000000e+00
 
AI-2020~FIC-2004  
  FreqPeriod(min) 	 Unc_UB 	 Bode 	 Unc_LB 	 S/N_Ratio
1.000000e+03 	 5.469289e-01 	 4.975954e-01 	  4.482619e-01 	 2.472454e+00
9.000254e+02 	 5.463518e-01 	 4.970183e-01 	  4.476848e-01 	 2.531890e+00
8.100456e+02 	 5.456404e-01 	 4.963069e-01 	  4.469734e-01 	 2.584734e+00
7.290616e+02 	 5.447637e-01 	 4.954302e-01 	  4.460967e-01 	 2.630523e+00
6.561739e+02 	 5.436839e-01 	 4.943504e-01 	  4.450169e-01 	 2.669031e+00
5.905732e+02 	 5.423545e-01 	 4.930210e-01 	  4.436875e-01 	 2.700208e+00
5.315308e+02 	 5.407189e-01 	 4.913854e-01 	  4.420519e-01 	 2.724107e+00
4.783912e+02 	 5.387082e-01 	 4.893747e-01 	  4.400412e-01 	 2.740810e+00
4.305642e+02 	 5.362391e-01 	 4.869056e-01 	  4.375721e-01 	 2.750363e+00
3.875187e+02 	 5.332106e-01 	 4.838771e-01 	  4.345436e-01 	 2.752722e+00
3.487767e+02 	 5.295021e-01 	 4.801686e-01 	  4.308351e-01 	 2.747706e+00
3.139079e+02 	 5.249700e-01 	 4.756365e-01 	  4.263030e-01 	 2.734961e+00
2.825250e+02 	 5.194452e-01 	 4.701117e-01 	  4.207782e-01 	 2.713941e+00
2.542797e+02 	 5.127318e-01 	 4.633983e-01 	  4.140648e-01 	 2.683886e+00
2.288582e+02 	 5.044765e-01 	 4.552737e-01 	  4.060709e-01 	 2.643835e+00
2.059782e+02 	 4.945890e-01 	 4.454927e-01 	  3.963963e-01 	 2.592645e+00
1.853856e+02 	 4.828064e-01 	 4.337970e-01 	  3.847876e-01 	 2.529059e+00
1.668517e+02 	 4.688731e-01 	 4.199353e-01 	  3.709976e-01 	 2.451828e+00
1.501708e+02 	 4.525757e-01 	 4.036981e-01 	  3.548205e-01 	 2.359926e+00
1.351575e+02 	 4.338009e-01 	 3.849757e-01 	  3.361505e-01 	 2.252895e+00
1.216452e+02 	 4.126232e-01 	 3.638467e-01 	  3.150703e-01 	 2.131376e+00
1.094837e+02 	 3.894284e-01 	 3.407018e-01 	  2.919753e-01 	 1.997838e+00
9.853815e+01 	 3.650591e-01 	 3.163897e-01 	  2.677204e-01 	 1.857455e+00
8.868683e+01 	 3.409192e-01 	 2.923228e-01 	  2.437264e-01 	 1.718740e+00
7.982040e+01 	 3.188787e-01 	 2.703828e-01 	  2.218869e-01 	 1.593036e+00
7.184038e+01 	 3.007176e-01 	 2.523667e-01 	  2.040157e-01 	 1.491346e+00
6.465817e+01 	 2.870224e-01 	 2.388845e-01 	  1.907467e-01 	 1.417925e+00
5.819399e+01 	 2.761981e-01 	 2.283746e-01 	  1.805512e-01 	 1.364453e+00
5.237607e+01 	 2.650161e-01 	 2.176523e-01 	  1.702886e-01 	 1.313012e+00
4.713979e+01 	 2.514120e-01 	 2.047090e-01 	  1.580060e-01 	 1.252403e+00
4.242700e+01 	 2.379121e-01 	 1.921357e-01 	  1.463593e-01 	 1.199273e+00
3.818538e+01 	 2.303544e-01 	 1.858353e-01 	  1.413161e-01 	 1.192705e+00
3.436781e+01 	 2.275878e-01 	 1.847055e-01 	  1.418231e-01 	 1.230702e+00
3.093190e+01 	 2.177129e-01 	 1.768580e-01 	  1.360031e-01 	 1.236892e+00
2.783950e+01 	 1.969276e-01 	 1.584442e-01 	  1.199609e-01 	 1.176400e+00
2.505625e+01 	 1.795555e-01 	 1.436779e-01 	  1.078003e-01 	 1.144242e+00
2.255126e+01 	 1.623380e-01 	 1.291415e-01 	  9.594488e-02 	 1.111537e+00
2.029671e+01 	 1.409840e-01 	 1.103658e-01 	  7.974760e-02 	 1.029927e+00
1.826755e+01 	 1.445810e-01 	 1.162714e-01 	  8.796169e-02 	 1.173517e+00
1.644126e+01 	 1.477947e-01 	 1.213837e-01 	  9.497281e-02 	 1.313193e+00
1.479755e+01 	 1.426404e-01 	 1.176048e-01 	  9.256922e-02 	 1.342206e+00
1.331817e+01 	 1.221497e-01 	 9.786718e-02 	  7.358467e-02 	 1.151583e+00
1.198669e+01 	 1.006189e-01 	 7.637706e-02 	  5.213527e-02 	 9.002225e-01
1.078833e+01 	 9.492734e-02 	 6.997408e-02 	  4.502082e-02 	 8.012381e-01
9.709767e+00 	 9.293855e-02 	 6.671436e-02 	  4.049017e-02 	 7.268902e-01
8.739037e+00 	 8.070313e-02 	 5.340532e-02 	  2.610751e-02 	 5.589955e-01
7.865355e+00 	 7.325103e-02 	 4.609536e-02 	  1.893969e-02 	 4.850073e-01
7.079019e+00 	 6.960422e-02 	 4.355594e-02 	  1.750767e-02 	 4.777714e-01
6.371296e+00 	 6.605818e-02 	 4.069508e-02 	  1.533198e-02 	 4.584492e-01
5.734328e+00 	 5.806870e-02 	 3.239170e-02 	  6.714691e-03 	 3.604466e-01
5.161041e+00 	 5.985129e-02 	 3.370143e-02 	  7.551571e-03 	 3.682397e-01
4.645068e+00 	 5.499319e-02 	 2.828852e-02 	  1.583849e-03 	 3.026737e-01
4.180679e+00 	 5.689112e-02 	 2.820429e-02 	  0.000000e+00 	 2.809210e-01
3.762717e+00 	 5.393429e-02 	 2.560908e-02 	  0.000000e+00 	 2.583286e-01
3.386540e+00 	 4.525511e-02 	 1.865393e-02 	  0.000000e+00 	 2.003646e-01
3.047972e+00 	 4.088351e-02 	 1.281788e-02 	  0.000000e+00 	 1.304947e-01
2.743252e+00 	 3.912716e-02 	 1.315507e-02 	  0.000000e+00 	 1.447231e-01
2.468997e+00 	 4.224751e-02 	 1.581179e-02 	  0.000000e+00 	 1.708998e-01
2.222160e+00 	 4.195538e-02 	 1.518764e-02 	  0.000000e+00 	 1.621176e-01
2.000000e+00 	 4.195538e-02 	 1.518764e-02 	  0.000000e+00 	 0.000000e+00
 
AI-2020~TIC-2003  
  FreqPeriod(min) 	 Unc_UB 	 Bode 	 Unc_LB 	 S/N_Ratio
1.000000e+03 	 3.397117e-01 	 3.033346e-01 	  2.669575e-01 	 1.444199e+00
9.000254e+02 	 3.394638e-01 	 3.030867e-01 	  2.667097e-01 	 1.535260e+00
8.100456e+02 	 3.391584e-01 	 3.027814e-01 	  2.664043e-01 	 1.627188e+00
7.290616e+02 	 3.387824e-01 	 3.024054e-01 	  2.660283e-01 	 1.718280e+00
6.561739e+02 	 3.383197e-01 	 3.019426e-01 	  2.655655e-01 	 1.806769e+00
5.905732e+02 	 3.377506e-01 	 3.013735e-01 	  2.649965e-01 	 1.890929e+00
5.315308e+02 	 3.370514e-01 	 3.006743e-01 	  2.642973e-01 	 1.969170e+00
4.783912e+02 	 3.361933e-01 	 2.998162e-01 	  2.634391e-01 	 2.040123e+00
4.305642e+02 	 3.351416e-01 	 2.987645e-01 	  2.623874e-01 	 2.102690e+00
3.875187e+02 	 3.338549e-01 	 2.974778e-01 	  2.611007e-01 	 2.156055e+00
3.487767e+02 	 3.322839e-01 	 2.959069e-01 	  2.595298e-01 	 2.199654e+00
3.139079e+02 	 3.303711e-01 	 2.939940e-01 	  2.576169e-01 	 2.233133e+00
2.825250e+02 	 3.280494e-01 	 2.916724e-01 	  2.552953e-01 	 2.256272e+00
2.542797e+02 	 3.252432e-01 	 2.888661e-01 	  2.524890e-01 	 2.268927e+00
2.288582e+02 	 3.214107e-01 	 2.854911e-01 	  2.495714e-01 	 2.270972e+00
2.059782e+02 	 3.170059e-01 	 2.814575e-01 	  2.459091e-01 	 2.262270e+00
1.853856e+02 	 3.119243e-01 	 2.766746e-01 	  2.414250e-01 	 2.242675e+00
1.668517e+02 	 3.060701e-01 	 2.710582e-01 	  2.360464e-01 	 2.212073e+00
1.501708e+02 	 2.993680e-01 	 2.645428e-01 	  2.297175e-01 	 2.170467e+00
1.351575e+02 	 2.917789e-01 	 2.570973e-01 	  2.224157e-01 	 2.118116e+00
1.216452e+02 	 2.833189e-01 	 2.487451e-01 	  2.141714e-01 	 2.055701e+00
1.094837e+02 	 2.740781e-01 	 2.395831e-01 	  2.050881e-01 	 1.984501e+00
9.853815e+01 	 2.642308e-01 	 2.297918e-01 	  1.953528e-01 	 1.906494e+00
8.868683e+01 	 2.540206e-01 	 2.196222e-01 	  1.852238e-01 	 1.824270e+00
7.982040e+01 	 2.437051e-01 	 2.093407e-01 	  1.749763e-01 	 1.740591e+00
7.184038e+01 	 2.334532e-01 	 1.991283e-01 	  1.648035e-01 	 1.657584e+00
6.465817e+01 	 2.232320e-01 	 1.889689e-01 	  1.547057e-01 	 1.575850e+00
5.819399e+01 	 2.127856e-01 	 1.786301e-01 	  1.444745e-01 	 1.494324e+00
5.237607e+01 	 2.018445e-01 	 1.678749e-01 	  1.339052e-01 	 1.412037e+00
4.713979e+01 	 1.905898e-01 	 1.569272e-01 	  1.232645e-01 	 1.331991e+00
4.242700e+01 	 1.800119e-01 	 1.468294e-01 	  1.136468e-01 	 1.264313e+00
3.818538e+01 	 1.713157e-01 	 1.388426e-01 	  1.063695e-01 	 1.221660e+00
3.436781e+01 	 1.641092e-01 	 1.326242e-01 	  1.011392e-01 	 1.203568e+00
3.093190e+01 	 1.557573e-01 	 1.255650e-01 	  9.537260e-02 	 1.188292e+00
2.783950e+01 	 1.445619e-01 	 1.159526e-01 	  8.734335e-02 	 1.158045e+00
2.505625e+01 	 1.328441e-01 	 1.060460e-01 	  7.924792e-02 	 1.130687e+00
2.255126e+01 	 1.222959e-01 	 9.743299e-02 	  7.257004e-02 	 1.119709e+00
2.029671e+01 	 1.099054e-01 	 8.697416e-02 	  6.404289e-02 	 1.083712e+00
1.826755e+01 	 9.638234e-02 	 7.524920e-02 	  5.411606e-02 	 1.017395e+00
1.644126e+01 	 8.394966e-02 	 6.436019e-02 	  4.477072e-02 	 9.387420e-01
1.479755e+01 	 7.195162e-02 	 5.353967e-02 	  3.512771e-02 	 8.308591e-01
1.331817e+01 	 5.887895e-02 	 4.116900e-02 	  2.345905e-02 	 6.642088e-01
1.198669e+01 	 4.686506e-02 	 2.927595e-02 	  1.168684e-02 	 4.755747e-01
1.078833e+01 	 3.840081e-02 	 2.029470e-02 	  2.188592e-03 	 3.202648e-01
9.709767e+00 	 3.187162e-02 	 1.276681e-02 	  0.000000e+00 	 1.909376e-01
8.739037e+00 	 2.733112e-02 	 7.389570e-03 	  0.000000e+00 	 1.058795e-01
7.865355e+00 	 2.419454e-02 	 4.438369e-03 	  0.000000e+00 	 6.419073e-02
7.079019e+00 	 2.132459e-02 	 2.560131e-03 	  0.000000e+00 	 3.898322e-02
6.371296e+00 	 2.167431e-02 	 3.506719e-03 	  0.000000e+00 	 5.515123e-02
5.734328e+00 	 2.311752e-02 	 4.651372e-03 	  0.000000e+00 	 7.197083e-02
5.161041e+00 	 2.223875e-02 	 3.397360e-03 	  0.000000e+00 	 5.152052e-02
4.645068e+00 	 1.978739e-02 	 6.569227e-04 	  0.000000e+00 	 9.811613e-03
4.180679e+00 	 2.251960e-02 	 1.882849e-03 	  0.000000e+00 	 2.606909e-02
3.762717e+00 	 2.328002e-02 	 2.830064e-03 	  0.000000e+00 	 3.954171e-02
3.386540e+00 	 2.128045e-02 	 2.197746e-03 	  0.000000e+00 	 3.290708e-02
3.047972e+00 	 2.103970e-02 	 8.169328e-04 	  0.000000e+00 	 1.154243e-02
2.743252e+00 	 2.005623e-02 	 1.307916e-03 	  0.000000e+00 	 1.993284e-02
2.468997e+00 	 2.081247e-02 	 1.307409e-03 	  0.000000e+00 	 1.915207e-02
2.222160e+00 	 2.004988e-02 	 2.950485e-04 	  0.000000e+00 	 4.267482e-03
2.000000e+00 	 2.004988e-02 	 2.950485e-04 	  0.000000e+00 	 0.000000e+00
 
AI-2021~FI-2005  
  FreqPeriod(min) 	 Unc_UB 	 Bode 	 Unc_LB 	 S/N_Ratio
1.000000e+03 	 2.529474e-01 	 2.127155e-01 	  1.724836e-01 	 9.786629e-01
9.000254e+02 	 2.527298e-01 	 2.124979e-01 	  1.722660e-01 	 1.041448e+00
8.100456e+02 	 2.524616e-01 	 2.122297e-01 	  1.719978e-01 	 1.102480e+00
7.290616e+02 	 2.521313e-01 	 2.118994e-01 	  1.716675e-01 	 1.160630e+00
6.561739e+02 	 2.517247e-01 	 2.114928e-01 	  1.712609e-01 	 1.214837e+00
5.905732e+02 	 2.512245e-01 	 2.109926e-01 	  1.707607e-01 	 1.264161e+00
5.315308e+02 	 2.506098e-01 	 2.103779e-01 	  1.701460e-01 	 1.307825e+00
4.783912e+02 	 2.498551e-01 	 2.096232e-01 	  1.693913e-01 	 1.345224e+00
4.305642e+02 	 2.489297e-01 	 2.086978e-01 	  1.684659e-01 	 1.375918e+00
3.875187e+02 	 2.477967e-01 	 2.075648e-01 	  1.673329e-01 	 1.399599e+00
3.487767e+02 	 2.464125e-01 	 2.061806e-01 	  1.659487e-01 	 1.416049e+00
3.139079e+02 	 2.447254e-01 	 2.044935e-01 	  1.642616e-01 	 1.425085e+00
2.825250e+02 	 2.426755e-01 	 2.024436e-01 	  1.622117e-01 	 1.426522e+00
2.542797e+02 	 2.401944e-01 	 1.999625e-01 	  1.597306e-01 	 1.420135e+00
2.288582e+02 	 2.370128e-01 	 1.969736e-01 	  1.569344e-01 	 1.405641e+00
2.059782e+02 	 2.333583e-01 	 1.933946e-01 	  1.534309e-01 	 1.382707e+00
1.853856e+02 	 2.291435e-01 	 1.891410e-01 	  1.491384e-01 	 1.350982e+00
1.668517e+02 	 2.242898e-01 	 1.841331e-01 	  1.439765e-01 	 1.310165e+00
1.501708e+02 	 2.187378e-01 	 1.783070e-01 	  1.378762e-01 	 1.260108e+00
1.351575e+02 	 2.124636e-01 	 1.716300e-01 	  1.307964e-01 	 1.200956e+00
1.216452e+02 	 2.054985e-01 	 1.641214e-01 	  1.227442e-01 	 1.133328e+00
1.094837e+02 	 1.979531e-01 	 1.558758e-01 	  1.137984e-01 	 1.058478e+00
9.853815e+01 	 1.900350e-01 	 1.470820e-01 	  1.041289e-01 	 9.784014e-01
8.868683e+01 	 1.820481e-01 	 1.380221e-01 	  9.399602e-02 	 8.957576e-01
7.982040e+01 	 1.743480e-01 	 1.290278e-01 	  8.370761e-02 	 8.134729e-01
7.184038e+01 	 1.672322e-01 	 1.203716e-01 	  7.351108e-02 	 7.339534e-01
6.465817e+01 	 1.607764e-01 	 1.121046e-01 	  6.343285e-02 	 6.581093e-01
5.819399e+01 	 1.547073e-01 	 1.039308e-01 	  5.315431e-02 	 5.848349e-01
5.237607e+01 	 1.484661e-01 	 9.527330e-02 	  4.208049e-02 	 5.117642e-01
4.713979e+01 	 1.415623e-01 	 8.563104e-02 	  2.969981e-02 	 4.374501e-01
4.242700e+01 	 1.340717e-01 	 7.508111e-02 	  1.609051e-02 	 3.636633e-01
3.818538e+01 	 1.267938e-01 	 6.444086e-02 	  2.087932e-03 	 2.952950e-01
3.436781e+01 	 1.205219e-01 	 5.454529e-02 	  0.000000e+00 	 2.362214e-01
3.093190e+01 	 1.150322e-01 	 4.524504e-02 	  0.000000e+00 	 1.852452e-01
2.783950e+01 	 1.098983e-01 	 3.623215e-02 	  0.000000e+00 	 1.405328e-01
2.505625e+01 	 1.061982e-01 	 2.876269e-02 	  0.000000e+00 	 1.061307e-01
2.255126e+01 	 1.042694e-01 	 2.342864e-02 	  0.000000e+00 	 8.280727e-02
2.029671e+01 	 1.027324e-01 	 1.919934e-02 	  0.000000e+00 	 6.567189e-02
1.826755e+01 	 1.017191e-01 	 1.665911e-02 	  0.000000e+00 	 5.596004e-02
1.644126e+01 	 9.902182e-02 	 1.414219e-02 	  0.000000e+00 	 4.760634e-02
1.479755e+01 	 9.435213e-02 	 1.192916e-02 	  0.000000e+00 	 4.135360e-02
1.331817e+01 	 8.676886e-02 	 9.542740e-03 	  0.000000e+00 	 3.530697e-02
1.198669e+01 	 7.675792e-02 	 7.640954e-03 	  0.000000e+00 	 3.158745e-02
1.078833e+01 	 6.452746e-02 	 6.150040e-03 	  0.000000e+00 	 3.010126e-02
9.709767e+00 	 5.065077e-02 	 4.874201e-03 	  0.000000e+00 	 3.042368e-02
8.739037e+00 	 3.632325e-02 	 3.837876e-03 	  0.000000e+00 	 3.375629e-02
7.865355e+00 	 2.314730e-02 	 2.981247e-03 	  0.000000e+00 	 4.224046e-02
7.079019e+00 	 1.419363e-02 	 2.364953e-03 	  0.000000e+00 	 5.712656e-02
6.371296e+00 	 1.156223e-02 	 1.727727e-03 	  0.000000e+00 	 5.019660e-02
5.734328e+00 	 9.033286e-03 	 9.027309e-04 	  0.000000e+00 	 3.172413e-02
5.161041e+00 	 5.981823e-03 	 6.243081e-04 	  0.000000e+00 	 3.329563e-02
4.645068e+00 	 5.246589e-03 	 4.511672e-05 	  0.000000e+00 	 2.478352e-03
4.180679e+00 	 5.256851e-03 	 6.783629e-04 	  0.000000e+00 	 4.233423e-02
3.762717e+00 	 5.754877e-03 	 7.728662e-04 	  0.000000e+00 	 4.432527e-02
3.386540e+00 	 5.343575e-03 	 5.194576e-04 	  0.000000e+00 	 3.076691e-02
3.047972e+00 	 8.340583e-03 	 5.546118e-04 	  0.000000e+00 	 2.035298e-02
2.743252e+00 	 1.514580e-02 	 4.536069e-04 	  0.000000e+00 	 8.821548e-03
2.468997e+00 	 4.314207e-02 	 4.919398e-04 	  0.000000e+00 	 3.295667e-03
2.222160e+00 	 5.705760e-02 	 4.693985e-04 	  0.000000e+00 	 2.370105e-03
2.000000e+00 	 5.705760e-02 	 4.693985e-04 	  0.000000e+00 	 0.000000e+00
 
AI-2021~FIC-2001  
  FreqPeriod(min) 	 Unc_UB 	 Bode 	 Unc_LB 	 S/N_Ratio
1.000000e+03 	 3.158777e-01 	 2.727811e-01 	  2.296844e-01 	 1.088574e+00
9.000254e+02 	 3.155467e-01 	 2.724501e-01 	  2.293534e-01 	 1.163935e+00
8.100456e+02 	 3.151386e-01 	 2.720419e-01 	  2.289453e-01 	 1.238361e+00
7.290616e+02 	 3.146354e-01 	 2.715388e-01 	  2.284421e-01 	 1.310503e+00
6.561739e+02 	 3.140154e-01 	 2.709187e-01 	  2.278220e-01 	 1.379013e+00
5.905732e+02 	 3.132516e-01 	 2.701549e-01 	  2.270582e-01 	 1.442626e+00
5.315308e+02 	 3.123112e-01 	 2.692145e-01 	  2.261179e-01 	 1.500223e+00
4.783912e+02 	 3.111541e-01 	 2.680574e-01 	  2.249608e-01 	 1.550870e+00
4.305642e+02 	 3.097315e-01 	 2.666349e-01 	  2.235382e-01 	 1.593832e+00
3.875187e+02 	 3.079842e-01 	 2.648876e-01 	  2.217909e-01 	 1.628551e+00
3.487767e+02 	 3.058406e-01 	 2.627440e-01 	  2.196473e-01 	 1.654606e+00
3.139079e+02 	 3.032148e-01 	 2.601181e-01 	  2.170214e-01 	 1.671651e+00
2.825250e+02 	 3.000040e-01 	 2.569074e-01 	  2.138107e-01 	 1.679349e+00
2.542797e+02 	 2.960871e-01 	 2.529904e-01 	  2.098938e-01 	 1.677306e+00
2.288582e+02 	 2.908226e-01 	 2.482256e-01 	  2.056285e-01 	 1.665017e+00
2.059782e+02 	 2.846430e-01 	 2.424496e-01 	  2.002561e-01 	 1.641828e+00
1.853856e+02 	 2.773493e-01 	 2.354787e-01 	  1.936081e-01 	 1.606919e+00
1.668517e+02 	 2.687280e-01 	 2.271122e-01 	  1.854963e-01 	 1.559314e+00
1.501708e+02 	 2.585588e-01 	 2.171399e-01 	  1.757209e-01 	 1.497932e+00
1.351575e+02 	 2.466289e-01 	 2.053571e-01 	  1.640852e-01 	 1.421697e+00
1.216452e+02 	 2.327571e-01 	 1.915887e-01 	  1.504203e-01 	 1.329712e+00
1.094837e+02 	 2.168307e-01 	 1.757267e-01 	  1.346227e-01 	 1.221534e+00
9.853815e+01 	 1.988597e-01 	 1.577841e-01 	  1.167086e-01 	 1.097569e+00
8.868683e+01 	 1.790492e-01 	 1.379680e-01 	  9.688679e-02 	 9.595926e-01
7.982040e+01 	 1.578875e-01 	 1.167672e-01 	  7.564692e-02 	 8.113651e-01
7.184038e+01 	 1.362336e-01 	 9.504052e-02 	  5.384746e-02 	 6.592292e-01
6.465817e+01 	 1.153556e-01 	 7.405523e-02 	  3.275481e-02 	 5.123338e-01
5.819399e+01 	 9.679718e-02 	 5.535346e-02 	  1.390974e-02 	 3.816258e-01
5.237607e+01 	 8.181923e-02 	 4.019486e-02 	  0.000000e+00 	 2.759145e-01
4.713979e+01 	 7.033272e-02 	 2.848955e-02 	  0.000000e+00 	 1.945417e-01
4.242700e+01 	 6.065446e-02 	 1.855490e-02 	  0.000000e+00 	 1.259310e-01
3.818538e+01 	 5.326031e-02 	 1.086984e-02 	  0.000000e+00 	 7.326672e-02
3.436781e+01 	 5.698870e-02 	 1.427988e-02 	  0.000000e+00 	 9.553413e-02
3.093190e+01 	 6.584905e-02 	 2.280726e-02 	  0.000000e+00 	 1.514030e-01
2.783950e+01 	 7.026888e-02 	 2.690019e-02 	  0.000000e+00 	 1.772274e-01
2.505625e+01 	 6.914817e-02 	 2.548905e-02 	  0.000000e+00 	 1.668132e-01
2.255126e+01 	 6.649903e-02 	 2.262696e-02 	  0.000000e+00 	 1.473634e-01
2.029671e+01 	 6.491243e-02 	 2.095489e-02 	  0.000000e+00 	 1.362083e-01
1.826755e+01 	 6.239882e-02 	 1.853559e-02 	  0.000000e+00 	 1.207418e-01
1.644126e+01 	 5.203092e-02 	 8.481298e-03 	  0.000000e+00 	 5.564544e-02
1.479755e+01 	 4.893773e-02 	 5.922403e-03 	  0.000000e+00 	 3.933928e-02
1.331817e+01 	 5.271708e-02 	 1.038949e-02 	  0.000000e+00 	 7.013299e-02
1.198669e+01 	 5.191930e-02 	 1.027867e-02 	  0.000000e+00 	 7.052957e-02
1.078833e+01 	 4.844543e-02 	 7.267221e-03 	  0.000000e+00 	 5.042578e-02
9.709767e+00 	 5.031765e-02 	 9.137627e-03 	  0.000000e+00 	 6.340134e-02
8.739037e+00 	 5.491369e-02 	 1.306443e-02 	  0.000000e+00 	 8.919783e-02
7.865355e+00 	 5.322342e-02 	 9.922674e-03 	  0.000000e+00 	 6.547643e-02
7.079019e+00 	 5.343212e-02 	 8.131248e-03 	  0.000000e+00 	 5.128642e-02
6.371296e+00 	 5.342860e-02 	 6.849352e-03 	  0.000000e+00 	 4.201542e-02
5.734328e+00 	 5.324342e-02 	 7.805243e-03 	  0.000000e+00 	 4.908143e-02
5.161041e+00 	 5.143876e-02 	 8.398214e-03 	  0.000000e+00 	 5.575205e-02
4.645068e+00 	 4.612109e-02 	 3.567689e-03 	  0.000000e+00 	 2.395545e-02
4.180679e+00 	 4.745546e-02 	 2.924775e-03 	  0.000000e+00 	 1.876656e-02
3.762717e+00 	 4.811130e-02 	 3.918165e-03 	  0.000000e+00 	 2.533259e-02
3.386540e+00 	 4.610517e-02 	 3.820177e-03 	  0.000000e+00 	 2.581361e-02
3.047972e+00 	 4.676005e-02 	 3.872949e-03 	  0.000000e+00 	 2.580279e-02
2.743252e+00 	 4.562155e-02 	 2.829509e-03 	  0.000000e+00 	 1.889295e-02
2.468997e+00 	 4.465362e-02 	 3.632642e-03 	  0.000000e+00 	 2.530278e-02
2.222160e+00 	 4.634608e-02 	 3.021040e-03 	  0.000000e+00 	 1.992366e-02
2.000000e+00 	 4.634608e-02 	 3.021040e-03 	  0.000000e+00 	 0.000000e+00
 
AI-2021~FIC-2002  
  FreqPeriod(min) 	 Unc_UB 	 Bode 	 Unc_LB 	 S/N_Ratio
1.000000e+03 	 5.070089e-01 	 4.397010e-01 	  3.723931e-01 	 1.030751e+00
9.000254e+02 	 5.065260e-01 	 4.392181e-01 	  3.719101e-01 	 1.109530e+00
8.100456e+02 	 5.059314e-01 	 4.386235e-01 	  3.713156e-01 	 1.189067e+00
7.290616e+02 	 5.051998e-01 	 4.378918e-01 	  3.705839e-01 	 1.268044e+00
6.561739e+02 	 5.043002e-01 	 4.369923e-01 	  3.696843e-01 	 1.345033e+00
5.905732e+02 	 5.031952e-01 	 4.358872e-01 	  3.685793e-01 	 1.418577e+00
5.315308e+02 	 5.018393e-01 	 4.345314e-01 	  3.672235e-01 	 1.487267e+00
4.783912e+02 	 5.001782e-01 	 4.328703e-01 	  3.655623e-01 	 1.549819e+00
4.305642e+02 	 4.981467e-01 	 4.308388e-01 	  3.635308e-01 	 1.605132e+00
3.875187e+02 	 4.956677e-01 	 4.283597e-01 	  3.610518e-01 	 1.652318e+00
3.487767e+02 	 4.926509e-01 	 4.253430e-01 	  3.580351e-01 	 1.690700e+00
3.139079e+02 	 4.889923e-01 	 4.216844e-01 	  3.543765e-01 	 1.719787e+00
2.825250e+02 	 4.845739e-01 	 4.172660e-01 	  3.499581e-01 	 1.739234e+00
2.542797e+02 	 4.792660e-01 	 4.119581e-01 	  3.446502e-01 	 1.748793e+00
2.288582e+02 	 4.719150e-01 	 4.056228e-01 	  3.393307e-01 	 1.748284e+00
2.059782e+02 	 4.635895e-01 	 3.981222e-01 	  3.326550e-01 	 1.737577e+00
1.853856e+02 	 4.541334e-01 	 3.893300e-01 	  3.245266e-01 	 1.716610e+00
1.668517e+02 	 4.434251e-01 	 3.791494e-01 	  3.148737e-01 	 1.685447e+00
1.501708e+02 	 4.313991e-01 	 3.675354e-01 	  3.036716e-01 	 1.644358e+00
1.351575e+02 	 4.180702e-01 	 3.545190e-01 	  2.909678e-01 	 1.593924e+00
1.216452e+02 	 4.035479e-01 	 3.402227e-01 	  2.768976e-01 	 1.535108e+00
1.094837e+02 	 3.880245e-01 	 3.248486e-01 	  2.616726e-01 	 1.469199e+00
9.853815e+01 	 3.717049e-01 	 3.086080e-01 	  2.455111e-01 	 1.397497e+00
8.868683e+01 	 3.546470e-01 	 2.915636e-01 	  2.284801e-01 	 1.320594e+00
7.982040e+01 	 3.365136e-01 	 2.733802e-01 	  2.102468e-01 	 1.237256e+00
7.184038e+01 	 3.163167e-01 	 2.530704e-01 	  1.898241e-01 	 1.143294e+00
6.465817e+01 	 2.923611e-01 	 2.289381e-01 	  1.655152e-01 	 1.031391e+00
5.819399e+01 	 2.626751e-01 	 1.990100e-01 	  1.353449e-01 	 8.931521e-01
5.237607e+01 	 2.261661e-01 	 1.621918e-01 	  9.821739e-02 	 7.243933e-01
4.713979e+01 	 1.845844e-01 	 1.202328e-01 	  5.588118e-02 	 5.338450e-01
4.242700e+01 	 1.452624e-01 	 8.046744e-02 	  1.567247e-02 	 3.548384e-01
3.818538e+01 	 1.225124e-01 	 5.721408e-02 	  0.000000e+00 	 2.503530e-01
3.436781e+01 	 1.199457e-01 	 5.409738e-02 	  0.000000e+00 	 2.347379e-01
3.093190e+01 	 1.172774e-01 	 5.085563e-02 	  0.000000e+00 	 2.187662e-01
2.783950e+01 	 1.091822e-01 	 4.220030e-02 	  0.000000e+00 	 1.800154e-01
2.505625e+01 	 1.047968e-01 	 3.732119e-02 	  0.000000e+00 	 1.580375e-01
2.255126e+01 	 9.763379e-02 	 2.980140e-02 	  0.000000e+00 	 1.255311e-01
2.029671e+01 	 8.383615e-02 	 1.586828e-02 	  0.000000e+00 	 6.670797e-02
1.826755e+01 	 8.100388e-02 	 1.320734e-02 	  0.000000e+00 	 5.566211e-02
1.644126e+01 	 9.900473e-02 	 3.174637e-02 	  0.000000e+00 	 1.348651e-01
1.479755e+01 	 1.053451e-01 	 3.898295e-02 	  0.000000e+00 	 1.678441e-01
1.331817e+01 	 1.069218e-01 	 4.168736e-02 	  0.000000e+00 	 1.825907e-01
1.198669e+01 	 9.250313e-02 	 2.836027e-02 	  0.000000e+00 	 1.263321e-01
1.078833e+01 	 7.642229e-02 	 1.297055e-02 	  0.000000e+00 	 5.840720e-02
9.709767e+00 	 7.328318e-02 	 9.763620e-03 	  0.000000e+00 	 4.391926e-02
8.739037e+00 	 8.204140e-02 	 1.742804e-02 	  0.000000e+00 	 7.706868e-02
7.865355e+00 	 8.658196e-02 	 1.972539e-02 	  0.000000e+00 	 8.430110e-02
7.079019e+00 	 9.187172e-02 	 2.198745e-02 	  0.000000e+00 	 8.989740e-02
6.371296e+00 	 9.110597e-02 	 1.928211e-02 	  0.000000e+00 	 7.670745e-02
5.734328e+00 	 8.298727e-02 	 1.286680e-02 	  0.000000e+00 	 5.242969e-02
5.161041e+00 	 7.393478e-02 	 7.486870e-03 	  0.000000e+00 	 3.219368e-02
4.645068e+00 	 7.570573e-02 	 1.007031e-02 	  0.000000e+00 	 4.383858e-02
4.180679e+00 	 7.163558e-02 	 2.929819e-03 	  0.000000e+00 	 1.218426e-02
3.762717e+00 	 7.819901e-02 	 9.983190e-03 	  0.000000e+00 	 4.181537e-02
3.386540e+00 	 6.896471e-02 	 3.748273e-03 	  0.000000e+00 	 1.642199e-02
3.047972e+00 	 7.390897e-02 	 7.708248e-03 	  0.000000e+00 	 3.326937e-02
2.743252e+00 	 7.246485e-02 	 6.468601e-03 	  0.000000e+00 	 2.800546e-02
2.468997e+00 	 6.797328e-02 	 4.595260e-03 	  0.000000e+00 	 2.071682e-02
2.222160e+00 	 6.825005e-02 	 1.640600e-03 	  0.000000e+00 	 7.037502e-03
2.000000e+00 	 6.825005e-02 	 1.640600e-03 	  0.000000e+00 	 0.000000e+00
 
AI-2021~FIC-2004  
  FreqPeriod(min) 	 Unc_UB 	 Bode 	 Unc_LB 	 S/N_Ratio
1.000000e+03 	 3.135936e-01 	 2.746944e-01 	  2.357952e-01 	 1.646069e+00
9.000254e+02 	 3.133122e-01 	 2.744130e-01 	  2.355138e-01 	 1.702191e+00
8.100456e+02 	 3.129652e-01 	 2.740660e-01 	  2.351668e-01 	 1.751984e+00
7.290616e+02 	 3.125373e-01 	 2.736382e-01 	  2.347390e-01 	 1.795246e+00
6.561739e+02 	 3.120100e-01 	 2.731108e-01 	  2.342117e-01 	 1.831969e+00
5.905732e+02 	 3.113603e-01 	 2.724611e-01 	  2.335619e-01 	 1.862290e+00
5.315308e+02 	 3.105602e-01 	 2.716610e-01 	  2.327618e-01 	 1.886423e+00
4.783912e+02 	 3.095754e-01 	 2.706762e-01 	  2.317770e-01 	 1.904608e+00
4.305642e+02 	 3.083642e-01 	 2.694650e-01 	  2.305659e-01 	 1.917056e+00
3.875187e+02 	 3.068760e-01 	 2.679768e-01 	  2.290776e-01 	 1.923905e+00
3.487767e+02 	 3.050494e-01 	 2.661502e-01 	  2.272510e-01 	 1.925189e+00
3.139079e+02 	 3.028107e-01 	 2.639115e-01 	  2.250124e-01 	 1.920806e+00
2.825250e+02 	 3.000719e-01 	 2.611728e-01 	  2.222736e-01 	 1.910500e+00
2.542797e+02 	 2.967291e-01 	 2.578299e-01 	  2.189308e-01 	 1.893846e+00
2.288582e+02 	 2.925305e-01 	 2.537618e-01 	  2.149932e-01 	 1.870241e+00
2.059782e+02 	 2.874926e-01 	 2.488297e-01 	  2.101667e-01 	 1.838904e+00
1.853856e+02 	 2.814568e-01 	 2.428792e-01 	  2.043016e-01 	 1.798900e+00
1.668517e+02 	 2.742548e-01 	 2.357459e-01 	  1.972370e-01 	 1.749180e+00
1.501708e+02 	 2.657205e-01 	 2.272665e-01 	  1.888124e-01 	 1.688672e+00
1.351575e+02 	 2.557104e-01 	 2.172999e-01 	  1.788895e-01 	 1.616448e+00
1.216452e+02 	 2.441394e-01 	 2.057630e-01 	  1.673866e-01 	 1.531985e+00
1.094837e+02 	 2.310357e-01 	 1.926854e-01 	  1.543350e-01 	 1.435591e+00
9.853815e+01 	 2.166198e-01 	 1.782886e-01 	  1.399573e-01 	 1.328991e+00
8.868683e+01 	 2.013976e-01 	 1.630793e-01 	  1.247611e-01 	 1.216031e+00
7.982040e+01 	 1.862261e-01 	 1.479152e-01 	  1.096043e-01 	 1.103169e+00
7.184038e+01 	 1.722344e-01 	 1.339254e-01 	  9.561651e-02 	 9.988833e-01
6.465817e+01 	 1.604073e-01 	 1.220949e-01 	  8.378249e-02 	 9.105623e-01
5.819399e+01 	 1.507785e-01 	 1.124567e-01 	  7.413504e-02 	 8.384792e-01
5.237607e+01 	 1.417819e-01 	 1.034445e-01 	  6.510701e-02 	 7.709666e-01
4.713979e+01 	 1.307913e-01 	 9.243062e-02 	  5.406997e-02 	 6.884646e-01
4.242700e+01 	 1.162127e-01 	 7.782012e-02 	  3.942755e-02 	 5.791571e-01
3.818538e+01 	 1.003724e-01 	 6.193762e-02 	  2.350284e-02 	 4.604493e-01
3.436781e+01 	 9.026248e-02 	 5.177354e-02 	  1.328461e-02 	 3.843472e-01
3.093190e+01 	 8.822720e-02 	 4.967088e-02 	  1.111457e-02 	 3.680934e-01
2.783950e+01 	 8.528431e-02 	 4.664730e-02 	  8.010293e-03 	 3.449647e-01
2.505625e+01 	 7.652122e-02 	 3.779285e-02 	  0.000000e+00 	 2.788251e-01
2.255126e+01 	 6.369873e-02 	 2.487608e-02 	  0.000000e+00 	 1.830832e-01
2.029671e+01 	 4.901986e-02 	 1.011626e-02 	  0.000000e+00 	 7.429883e-02
1.826755e+01 	 5.708905e-02 	 1.814576e-02 	  0.000000e+00 	 1.331355e-01
1.644126e+01 	 6.196579e-02 	 2.306423e-02 	  0.000000e+00 	 1.694040e-01
1.479755e+01 	 6.193196e-02 	 2.319836e-02 	  0.000000e+00 	 1.711281e-01
1.331817e+01 	 5.128476e-02 	 1.287174e-02 	  0.000000e+00 	 9.574374e-02
1.198669e+01 	 4.588486e-02 	 7.912225e-03 	  0.000000e+00 	 5.953597e-02
1.078833e+01 	 4.370482e-02 	 6.153418e-03 	  0.000000e+00 	 4.682113e-02
9.709767e+00 	 4.361005e-02 	 6.190757e-03 	  0.000000e+00 	 4.727155e-02
8.739037e+00 	 4.956764e-02 	 1.162443e-02 	  0.000000e+00 	 8.753648e-02
7.865355e+00 	 4.698831e-02 	 7.560503e-03 	  0.000000e+00 	 5.478980e-02
7.079019e+00 	 5.049433e-02 	 8.849968e-03 	  0.000000e+00 	 6.072075e-02
6.371296e+00 	 5.231010e-02 	 9.260161e-03 	  0.000000e+00 	 6.146072e-02
5.734328e+00 	 4.824532e-02 	 6.405149e-03 	  0.000000e+00 	 4.374088e-02
5.161041e+00 	 4.271526e-02 	 3.143659e-03 	  0.000000e+00 	 2.269884e-02
4.645068e+00 	 4.475082e-02 	 5.415882e-03 	  0.000000e+00 	 3.934072e-02
4.180679e+00 	 4.662496e-02 	 5.635892e-03 	  0.000000e+00 	 3.928676e-02
3.762717e+00 	 4.601248e-02 	 5.463504e-03 	  0.000000e+00 	 3.849843e-02
3.386540e+00 	 4.484550e-02 	 5.818277e-03 	  0.000000e+00 	 4.259694e-02
3.047972e+00 	 4.328555e-02 	 3.864499e-03 	  0.000000e+00 	 2.801023e-02
2.743252e+00 	 4.218713e-02 	 2.935152e-03 	  0.000000e+00 	 2.136588e-02
2.468997e+00 	 4.039412e-02 	 3.569269e-03 	  0.000000e+00 	 2.769427e-02
2.222160e+00 	 4.108043e-02 	 2.395722e-03 	  0.000000e+00 	 1.769493e-02
2.000000e+00 	 4.108043e-02 	 2.395722e-03 	  0.000000e+00 	 0.000000e+00
 
AI-2021~TIC-2003  
  FreqPeriod(min) 	 Unc_UB 	 Bode 	 Unc_LB 	 S/N_Ratio
1.000000e+03 	 1.870247e-01 	 1.583416e-01 	  1.296585e-01 	 9.091729e-01
9.000254e+02 	 1.868694e-01 	 1.581863e-01 	  1.295032e-01 	 9.756973e-01
8.100456e+02 	 1.866780e-01 	 1.579949e-01 	  1.293118e-01 	 1.042224e+00
7.290616e+02 	 1.864423e-01 	 1.577592e-01 	  1.290761e-01 	 1.107610e+00
6.561739e+02 	 1.861523e-01 	 1.574692e-01 	  1.287861e-01 	 1.170670e+00
5.905732e+02 	 1.857955e-01 	 1.571124e-01 	  1.284293e-01 	 1.230245e+00
5.315308e+02 	 1.853571e-01 	 1.566740e-01 	  1.279909e-01 	 1.285268e+00
4.783912e+02 	 1.848189e-01 	 1.561359e-01 	  1.274528e-01 	 1.334818e+00
4.305642e+02 	 1.841592e-01 	 1.554761e-01 	  1.267930e-01 	 1.378152e+00
3.875187e+02 	 1.833518e-01 	 1.546687e-01 	  1.259856e-01 	 1.414709e+00
3.487767e+02 	 1.823658e-01 	 1.536827e-01 	  1.249996e-01 	 1.444091e+00
3.139079e+02 	 1.811645e-01 	 1.524814e-01 	  1.237983e-01 	 1.466028e+00
2.825250e+02 	 1.797059e-01 	 1.510228e-01 	  1.223397e-01 	 1.480330e+00
2.542797e+02 	 1.779418e-01 	 1.492587e-01 	  1.205756e-01 	 1.486843e+00
2.288582e+02 	 1.754380e-01 	 1.471357e-01 	  1.188333e-01 	 1.485411e+00
2.059782e+02 	 1.725908e-01 	 1.445967e-01 	  1.166027e-01 	 1.475858e+00
1.853856e+02 	 1.693308e-01 	 1.415842e-01 	  1.138375e-01 	 1.457995e+00
1.668517e+02 	 1.655954e-01 	 1.380448e-01 	  1.104941e-01 	 1.431659e+00
1.501708e+02 	 1.613364e-01 	 1.339380e-01 	  1.065396e-01 	 1.396785e+00
1.351575e+02 	 1.565311e-01 	 1.292473e-01 	  1.019635e-01 	 1.353531e+00
1.216452e+02 	 1.511962e-01 	 1.239942e-01 	  9.679225e-02 	 1.302425e+00
1.094837e+02 	 1.454030e-01 	 1.182536e-01 	  9.110415e-02 	 1.244530e+00
9.853815e+01 	 1.392849e-01 	 1.121613e-01 	  8.503761e-02 	 1.181535e+00
8.868683e+01 	 1.330263e-01 	 1.059031e-01 	  7.877998e-02 	 1.115630e+00
7.982040e+01 	 1.268117e-01 	 9.966444e-02 	  7.251719e-02 	 1.048977e+00
7.184038e+01 	 1.207215e-01 	 9.352556e-02 	  6.632963e-02 	 9.826029e-01
6.465817e+01 	 1.145922e-01 	 8.732249e-02 	  6.005279e-02 	 9.149500e-01
5.819399e+01 	 1.079237e-01 	 8.055426e-02 	  5.318485e-02 	 8.409588e-01
5.237607e+01 	 9.997130e-02 	 7.247539e-02 	  4.497948e-02 	 7.531372e-01
4.713979e+01 	 9.014230e-02 	 6.249264e-02 	  3.484297e-02 	 6.457890e-01
4.242700e+01 	 7.870899e-02 	 5.087884e-02 	  2.304870e-02 	 5.223642e-01
3.818538e+01 	 6.761573e-02 	 3.958068e-02 	  1.154563e-02 	 4.033978e-01
3.436781e+01 	 6.020310e-02 	 3.194381e-02 	  3.684530e-03 	 3.229812e-01
3.093190e+01 	 5.730541e-02 	 2.881176e-02 	  3.181066e-04 	 2.889171e-01
2.783950e+01 	 5.498753e-02 	 2.626404e-02 	  0.000000e+00 	 2.612619e-01
2.505625e+01 	 5.118798e-02 	 2.226059e-02 	  0.000000e+00 	 2.198766e-01
2.255126e+01 	 4.740875e-02 	 1.833209e-02 	  0.000000e+00 	 1.801437e-01
2.029671e+01 	 4.246946e-02 	 1.333291e-02 	  0.000000e+00 	 1.307491e-01
1.826755e+01 	 3.569656e-02 	 6.625436e-03 	  0.000000e+00 	 6.511848e-02
1.644126e+01 	 3.113719e-02 	 2.283199e-03 	  0.000000e+00 	 2.260942e-02
1.479755e+01 	 3.479568e-02 	 6.309759e-03 	  0.000000e+00 	 6.328985e-02
1.331817e+01 	 3.455491e-02 	 6.539156e-03 	  0.000000e+00 	 6.669159e-02
1.198669e+01 	 3.072371e-02 	 3.171910e-03 	  0.000000e+00 	 3.289444e-02
1.078833e+01 	 2.975154e-02 	 2.504213e-03 	  0.000000e+00 	 2.626025e-02
9.709767e+00 	 3.206347e-02 	 4.802832e-03 	  0.000000e+00 	 5.033999e-02
8.739037e+00 	 3.330818e-02 	 5.589966e-03 	  0.000000e+00 	 5.762296e-02
7.865355e+00 	 3.305654e-02 	 4.372200e-03 	  0.000000e+00 	 4.355188e-02
7.079019e+00 	 3.158959e-02 	 1.590141e-03 	  0.000000e+00 	 1.514516e-02
6.371296e+00 	 3.333442e-02 	 2.497745e-03 	  0.000000e+00 	 2.314367e-02
5.734328e+00 	 3.391539e-02 	 3.825181e-03 	  0.000000e+00 	 3.632272e-02
5.161041e+00 	 3.037020e-02 	 1.858237e-03 	  0.000000e+00 	 1.862197e-02
4.645068e+00 	 2.867108e-02 	 4.926467e-04 	  0.000000e+00 	 4.995401e-03
4.180679e+00 	 2.987777e-02 	 3.910350e-04 	  0.000000e+00 	 3.789139e-03
3.762717e+00 	 3.073374e-02 	 1.458584e-03 	  0.000000e+00 	 1.423587e-02
3.386540e+00 	 2.953873e-02 	 1.542051e-03 	  0.000000e+00 	 1.573780e-02
3.047972e+00 	 2.997012e-02 	 1.565175e-03 	  0.000000e+00 	 1.574420e-02
2.743252e+00 	 3.043352e-02 	 2.098930e-03 	  0.000000e+00 	 2.116570e-02
2.468997e+00 	 2.869427e-02 	 1.523795e-03 	  0.000000e+00 	 1.602438e-02
2.222160e+00 	 2.994149e-02 	 1.391835e-03 	  0.000000e+00 	 1.392960e-02
2.000000e+00 	 2.994149e-02 	 1.391835e-03 	  0.000000e+00 	 0.000000e+00
 
AI-2022~FI-2005  
  FreqPeriod(min) 	 Unc_UB 	 Bode 	 Unc_LB 	 S/N_Ratio
1.000000e+03 	 2.251115e-01 	 1.691612e-01 	  1.132109e-01 	 5.745681e-01
9.000254e+02 	 2.248882e-01 	 1.689379e-01 	  1.129877e-01 	 6.081557e-01
8.100456e+02 	 2.246130e-01 	 1.686627e-01 	  1.127125e-01 	 6.408730e-01
7.290616e+02 	 2.242739e-01 	 1.683237e-01 	  1.123734e-01 	 6.720535e-01
6.561739e+02 	 2.238563e-01 	 1.679060e-01 	  1.119557e-01 	 7.010634e-01
5.905732e+02 	 2.233422e-01 	 1.673919e-01 	  1.114416e-01 	 7.273332e-01
5.315308e+02 	 2.227097e-01 	 1.667594e-01 	  1.108092e-01 	 7.503787e-01
4.783912e+02 	 2.219324e-01 	 1.659821e-01 	  1.100318e-01 	 7.698079e-01
4.305642e+02 	 2.209779e-01 	 1.650276e-01 	  1.090773e-01 	 7.853141e-01
3.875187e+02 	 2.198074e-01 	 1.638571e-01 	  1.079069e-01 	 7.966570e-01
3.487767e+02 	 2.183744e-01 	 1.624241e-01 	  1.064738e-01 	 8.036358e-01
3.139079e+02 	 2.166233e-01 	 1.606730e-01 	  1.047227e-01 	 8.060603e-01
2.825250e+02 	 2.144888e-01 	 1.585386e-01 	  1.025883e-01 	 8.037232e-01
2.542797e+02 	 2.118951e-01 	 1.559448e-01 	  9.999455e-02 	 7.963801e-01
2.288582e+02 	 2.085131e-01 	 1.528050e-01 	  9.709691e-02 	 7.837381e-01
2.059782e+02 	 2.046488e-01 	 1.490224e-01 	  9.339595e-02 	 7.654593e-01
1.853856e+02 	 2.001953e-01 	 1.444929e-01 	  8.879054e-02 	 7.411815e-01
1.668517e+02 	 1.950491e-01 	 1.391107e-01 	  8.317237e-02 	 7.105628e-01
1.501708e+02 	 1.891201e-01 	 1.327779e-01 	  7.643575e-02 	 6.733547e-01
1.351575e+02 	 1.823470e-01 	 1.254203e-01 	  6.849364e-02 	 6.295116e-01
1.216452e+02 	 1.747223e-01 	 1.170124e-01 	  5.930241e-02 	 5.793388e-01
1.094837e+02 	 1.663280e-01 	 1.076128e-01 	  4.889773e-02 	 5.236799e-01
9.853815e+01 	 1.573825e-01 	 9.741270e-02 	  3.744293e-02 	 4.641249e-01
8.868683e+01 	 1.482965e-01 	 8.679093e-02 	  2.528538e-02 	 4.031918e-01
7.982040e+01 	 1.397151e-01 	 7.635809e-02 	  1.300111e-02 	 3.443596e-01
7.184038e+01 	 1.324903e-01 	 6.693036e-02 	  1.370405e-03 	 2.916998e-01
6.465817e+01 	 1.274744e-01 	 5.932506e-02 	  0.000000e+00 	 2.487299e-01
5.819399e+01 	 1.250734e-01 	 5.391741e-02 	  0.000000e+00 	 2.165056e-01
5.237607e+01 	 1.248499e-01 	 5.024798e-02 	  0.000000e+00 	 1.924511e-01
4.713979e+01 	 1.257577e-01 	 4.726337e-02 	  0.000000e+00 	 1.720434e-01
4.242700e+01 	 1.269625e-01 	 4.414477e-02 	  0.000000e+00 	 1.523026e-01
3.818538e+01 	 1.283241e-01 	 4.080079e-02 	  0.000000e+00 	 1.331976e-01
3.436781e+01 	 1.298177e-01 	 3.730182e-02 	  0.000000e+00 	 1.152035e-01
3.093190e+01 	 1.306497e-01 	 3.300981e-02 	  0.000000e+00 	 9.659783e-02
2.783950e+01 	 1.300449e-01 	 2.737772e-02 	  0.000000e+00 	 7.619341e-02
2.505625e+01 	 1.288578e-01 	 2.156729e-02 	  0.000000e+00 	 5.743621e-02
2.255126e+01 	 1.277542e-01 	 1.662145e-02 	  0.000000e+00 	 4.273447e-02
2.029671e+01 	 1.258280e-01 	 1.205385e-02 	  0.000000e+00 	 3.027148e-02
1.826755e+01 	 1.243690e-01 	 9.572543e-03 	  0.000000e+00 	 2.382596e-02
1.644126e+01 	 1.216426e-01 	 7.819111e-03 	  0.000000e+00 	 1.962805e-02
1.479755e+01 	 1.173042e-01 	 6.779473e-03 	  0.000000e+00 	 1.752622e-02
1.331817e+01 	 1.099331e-01 	 5.380764e-03 	  0.000000e+00 	 1.470490e-02
1.198669e+01 	 9.970194e-02 	 4.276785e-03 	  0.000000e+00 	 1.280579e-02
1.078833e+01 	 8.613451e-02 	 3.636262e-03 	  0.000000e+00 	 1.259395e-02
9.709767e+00 	 6.881364e-02 	 3.405693e-03 	  0.000000e+00 	 1.487739e-02
8.739037e+00 	 4.878275e-02 	 3.399595e-03 	  0.000000e+00 	 2.140346e-02
7.865355e+00 	 2.966104e-02 	 3.237588e-03 	  0.000000e+00 	 3.500933e-02
7.079019e+00 	 1.684849e-02 	 2.510789e-03 	  0.000000e+00 	 5.003596e-02
6.371296e+00 	 1.379850e-02 	 2.192740e-03 	  0.000000e+00 	 5.398405e-02
5.734328e+00 	 1.218629e-02 	 1.904171e-03 	  0.000000e+00 	 5.291453e-02
5.161041e+00 	 8.792286e-03 	 1.326539e-03 	  0.000000e+00 	 5.076897e-02
4.645068e+00 	 8.113034e-03 	 6.389867e-04 	  0.000000e+00 	 2.442798e-02
4.180679e+00 	 7.055453e-03 	 5.681452e-04 	  0.000000e+00 	 2.502341e-02
3.762717e+00 	 7.761108e-03 	 8.803918e-04 	  0.000000e+00 	 3.655897e-02
3.386540e+00 	 7.503330e-03 	 9.062482e-04 	  0.000000e+00 	 3.925066e-02
3.047972e+00 	 1.179993e-02 	 8.953347e-04 	  0.000000e+00 	 2.345996e-02
2.743252e+00 	 2.091633e-02 	 7.461649e-04 	  0.000000e+00 	 1.057005e-02
2.468997e+00 	 6.384533e-02 	 7.164556e-04 	  0.000000e+00 	 3.242746e-03
2.222160e+00 	 8.035582e-02 	 6.723554e-04 	  0.000000e+00 	 2.410918e-03
2.000000e+00 	 8.035582e-02 	 6.723554e-04 	  0.000000e+00 	 0.000000e+00
 
AI-2022~FIC-2001  
  FreqPeriod(min) 	 Unc_UB 	 Bode 	 Unc_LB 	 S/N_Ratio
1.000000e+03 	 2.701261e-01 	 2.101918e-01 	  1.502575e-01 	 6.192506e-01
9.000254e+02 	 2.699089e-01 	 2.099747e-01 	  1.500404e-01 	 6.588905e-01
8.100456e+02 	 2.696411e-01 	 2.097068e-01 	  1.497725e-01 	 6.982525e-01
7.290616e+02 	 2.693108e-01 	 2.093765e-01 	  1.494422e-01 	 7.365949e-01
6.561739e+02 	 2.689034e-01 	 2.089692e-01 	  1.490349e-01 	 7.731793e-01
5.905732e+02 	 2.684013e-01 	 2.084670e-01 	  1.485327e-01 	 8.073136e-01
5.315308e+02 	 2.677825e-01 	 2.078483e-01 	  1.479140e-01 	 8.383870e-01
4.783912e+02 	 2.670204e-01 	 2.070861e-01 	  1.471518e-01 	 8.658936e-01
4.305642e+02 	 2.660820e-01 	 2.061477e-01 	  1.462134e-01 	 8.894390e-01
3.875187e+02 	 2.649275e-01 	 2.049932e-01 	  1.450589e-01 	 9.087308e-01
3.487767e+02 	 2.635082e-01 	 2.035739e-01 	  1.436396e-01 	 9.235542e-01
3.139079e+02 	 2.617651e-01 	 2.018308e-01 	  1.418965e-01 	 9.337398e-01
2.825250e+02 	 2.596270e-01 	 1.996927e-01 	  1.397584e-01 	 9.391255e-01
2.542797e+02 	 2.570084e-01 	 1.970741e-01 	  1.371398e-01 	 9.395196e-01
2.288582e+02 	 2.531401e-01 	 1.938732e-01 	  1.346062e-01 	 9.346670e-01
2.059782e+02 	 2.487000e-01 	 1.899699e-01 	  1.312398e-01 	 9.242214e-01
1.853856e+02 	 2.435281e-01 	 1.852245e-01 	  1.269209e-01 	 9.077263e-01
1.668517e+02 	 2.374483e-01 	 1.794772e-01 	  1.215062e-01 	 8.846063e-01
1.501708e+02 	 2.302691e-01 	 1.725500e-01 	  1.148308e-01 	 8.541741e-01
1.351575e+02 	 2.217889e-01 	 1.642513e-01 	  1.067136e-01 	 8.156578e-01
1.216452e+02 	 2.118056e-01 	 1.543869e-01 	  9.696813e-02 	 7.682601e-01
1.094837e+02 	 2.001353e-01 	 1.427785e-01 	  8.542159e-02 	 7.112609e-01
9.853815e+01 	 1.866423e-01 	 1.292939e-01 	  7.194544e-02 	 6.441813e-01
8.868683e+01 	 1.712852e-01 	 1.138937e-01 	  5.650217e-02 	 5.670268e-01
7.982040e+01 	 1.541825e-01 	 9.669694e-02 	  3.921137e-02 	 4.806241e-01
7.184038e+01 	 1.356982e-01 	 7.806727e-02 	  2.043637e-02 	 3.870484e-01
6.465817e+01 	 1.165438e-01 	 5.871567e-02 	  8.875265e-04 	 2.901125e-01
5.819399e+01 	 9.789252e-02 	 3.981505e-02 	  0.000000e+00 	 1.958805e-01
5.237607e+01 	 8.155966e-02 	 2.318230e-02 	  0.000000e+00 	 1.134654e-01
4.713979e+01 	 7.074056e-02 	 1.201753e-02 	  0.000000e+00 	 5.847342e-02
4.242700e+01 	 6.947528e-02 	 1.037108e-02 	  0.000000e+00 	 5.013689e-02
3.818538e+01 	 7.145209e-02 	 1.194961e-02 	  0.000000e+00 	 5.738131e-02
3.436781e+01 	 7.127211e-02 	 1.138353e-02 	  0.000000e+00 	 5.431060e-02
3.093190e+01 	 7.021030e-02 	 9.990134e-03 	  0.000000e+00 	 4.740029e-02
2.783950e+01 	 7.103790e-02 	 1.059576e-02 	  0.000000e+00 	 5.008920e-02
2.505625e+01 	 7.543455e-02 	 1.494281e-02 	  0.000000e+00 	 7.058103e-02
2.255126e+01 	 8.097899e-02 	 2.066750e-02 	  0.000000e+00 	 9.791283e-02
2.029671e+01 	 8.317333e-02 	 2.330202e-02 	  0.000000e+00 	 1.112055e-01
1.826755e+01 	 8.181665e-02 	 2.261909e-02 	  0.000000e+00 	 1.091750e-01
1.644126e+01 	 7.669125e-02 	 1.829125e-02 	  0.000000e+00 	 8.949160e-02
1.479755e+01 	 6.821741e-02 	 1.053622e-02 	  0.000000e+00 	 5.219179e-02
1.331817e+01 	 6.654039e-02 	 9.235338e-03 	  0.000000e+00 	 4.604808e-02
1.198669e+01 	 6.596670e-02 	 8.476286e-03 	  0.000000e+00 	 4.212712e-02
1.078833e+01 	 6.132644e-02 	 3.133911e-03 	  0.000000e+00 	 1.538761e-02
9.709767e+00 	 6.765629e-02 	 8.816129e-03 	  0.000000e+00 	 4.281104e-02
8.739037e+00 	 7.162155e-02 	 1.315672e-02 	  0.000000e+00 	 6.429906e-02
7.865355e+00 	 6.832994e-02 	 1.159326e-02 	  0.000000e+00 	 5.838395e-02
7.079019e+00 	 6.411661e-02 	 9.206794e-03 	  0.000000e+00 	 4.790823e-02
6.371296e+00 	 6.679928e-02 	 1.183084e-02 	  0.000000e+00 	 6.149696e-02
5.734328e+00 	 6.451013e-02 	 7.047796e-03 	  0.000000e+00 	 3.504465e-02
5.161041e+00 	 6.596017e-02 	 5.982770e-03 	  0.000000e+00 	 2.850141e-02
4.645068e+00 	 6.708516e-02 	 5.939748e-03 	  0.000000e+00 	 2.775593e-02
4.180679e+00 	 6.882161e-02 	 5.725619e-03 	  0.000000e+00 	 2.592820e-02
3.762717e+00 	 6.754769e-02 	 6.511998e-03 	  0.000000e+00 	 3.048471e-02
3.386540e+00 	 6.416891e-02 	 6.343284e-03 	  0.000000e+00 	 3.134335e-02
3.047972e+00 	 6.463859e-02 	 4.573299e-03 	  0.000000e+00 	 2.175493e-02
2.743252e+00 	 6.227973e-02 	 3.532704e-03 	  0.000000e+00 	 1.718197e-02
2.468997e+00 	 6.204472e-02 	 1.327238e-03 	  0.000000e+00 	 6.245783e-03
2.222160e+00 	 6.412338e-02 	 3.116148e-03 	  0.000000e+00 	 1.459447e-02
2.000000e+00 	 6.412338e-02 	 3.116148e-03 	  0.000000e+00 	 0.000000e+00
 
AI-2022~FIC-2002  
  FreqPeriod(min) 	 Unc_UB 	 Bode 	 Unc_LB 	 S/N_Ratio
1.000000e+03 	 4.491710e-01 	 3.555662e-01 	  2.619614e-01 	 6.153520e-01
9.000254e+02 	 4.487010e-01 	 3.550963e-01 	  2.614915e-01 	 6.588850e-01
8.100456e+02 	 4.481224e-01 	 3.545177e-01 	  2.609129e-01 	 7.029765e-01
7.290616e+02 	 4.474104e-01 	 3.538057e-01 	  2.602009e-01 	 7.468387e-01
6.561739e+02 	 4.465350e-01 	 3.529303e-01 	  2.593255e-01 	 7.896178e-01
5.905732e+02 	 4.454597e-01 	 3.518549e-01 	  2.582502e-01 	 8.304365e-01
5.315308e+02 	 4.441404e-01 	 3.505357e-01 	  2.569309e-01 	 8.684416e-01
4.783912e+02 	 4.425242e-01 	 3.489194e-01 	  2.553147e-01 	 9.028472e-01
4.305642e+02 	 4.405479e-01 	 3.469432e-01 	  2.533384e-01 	 9.329672e-01
3.875187e+02 	 4.381370e-01 	 3.445323e-01 	  2.509275e-01 	 9.582323e-01
3.487767e+02 	 4.352046e-01 	 3.415998e-01 	  2.479950e-01 	 9.781900e-01
3.139079e+02 	 4.316509e-01 	 3.380461e-01 	  2.444413e-01 	 9.924906e-01
2.825250e+02 	 4.273647e-01 	 3.337599e-01 	  2.401552e-01 	 1.000867e+00
2.542797e+02 	 4.222261e-01 	 3.286214e-01 	  2.350166e-01 	 1.003112e+00
2.288582e+02 	 4.147435e-01 	 3.225087e-01 	  2.302739e-01 	 9.990750e-01
2.059782e+02 	 4.064361e-01 	 3.153108e-01 	  2.241854e-01 	 9.886697e-01
1.853856e+02 	 3.971847e-01 	 3.069479e-01 	  2.167110e-01 	 9.719244e-01
1.668517e+02 	 3.869411e-01 	 2.974048e-01 	  2.078685e-01 	 9.490746e-01
1.501708e+02 	 3.757772e-01 	 2.867802e-01 	  1.977831e-01 	 9.207149e-01
1.351575e+02 	 3.639504e-01 	 2.753528e-01 	  1.867552e-01 	 8.880130e-01
1.216452e+02 	 3.519802e-01 	 2.636588e-01 	  1.753374e-01 	 8.529587e-01
1.094837e+02 	 3.407063e-01 	 2.525500e-01 	  1.643937e-01 	 8.185505e-01
9.853815e+01 	 3.312575e-01 	 2.431635e-01 	  1.550695e-01 	 7.886852e-01
8.868683e+01 	 3.248173e-01 	 2.366881e-01 	  1.485588e-01 	 7.673755e-01
7.982040e+01 	 3.221018e-01 	 2.338423e-01 	  1.455827e-01 	 7.570297e-01
7.184038e+01 	 3.226724e-01 	 2.341881e-01 	  1.457038e-01 	 7.562235e-01
6.465817e+01 	 3.245149e-01 	 2.357111e-01 	  1.469074e-01 	 7.584039e-01
5.819399e+01 	 3.243674e-01 	 2.351498e-01 	  1.459323e-01 	 7.530889e-01
5.237607e+01 	 3.189929e-01 	 2.292700e-01 	  1.395472e-01 	 7.301231e-01
4.713979e+01 	 3.072931e-01 	 2.169816e-01 	  1.266701e-01 	 6.864855e-01
4.242700e+01 	 2.925369e-01 	 2.015703e-01 	  1.106037e-01 	 6.331349e-01
3.818538e+01 	 2.816859e-01 	 1.900283e-01 	  9.837065e-02 	 5.923812e-01
3.436781e+01 	 2.774163e-01 	 1.850803e-01 	  9.274427e-02 	 5.727178e-01
3.093190e+01 	 2.708494e-01 	 1.779181e-01 	  8.498677e-02 	 5.470281e-01
2.783950e+01 	 2.522474e-01 	 1.588960e-01 	  6.554448e-02 	 4.863437e-01
2.505625e+01 	 2.272571e-01 	 1.337665e-01 	  4.027587e-02 	 4.088188e-01
2.255126e+01 	 2.048443e-01 	 1.115943e-01 	  1.834421e-02 	 3.419357e-01
2.029671e+01 	 1.773037e-01 	 8.472970e-02 	  0.000000e+00 	 2.615160e-01
1.826755e+01 	 1.502585e-01 	 5.876074e-02 	  0.000000e+00 	 1.834967e-01
1.644126e+01 	 1.216252e-01 	 3.143178e-02 	  0.000000e+00 	 9.957397e-02
1.479755e+01 	 1.398984e-01 	 5.091045e-02 	  0.000000e+00 	 1.634660e-01
1.331817e+01 	 1.494464e-01 	 6.112892e-02 	  0.000000e+00 	 1.977661e-01
1.198669e+01 	 1.325704e-01 	 4.401268e-02 	  0.000000e+00 	 1.420048e-01
1.078833e+01 	 1.195586e-01 	 2.988938e-02 	  0.000000e+00 	 9.524127e-02
9.709767e+00 	 1.249966e-01 	 3.423661e-02 	  0.000000e+00 	 1.077824e-01
8.739037e+00 	 1.107326e-01 	 2.046554e-02 	  0.000000e+00 	 6.478068e-02
7.865355e+00 	 9.796096e-02 	 1.035926e-02 	  0.000000e+00 	 3.378841e-02
7.079019e+00 	 9.801100e-02 	 1.330331e-02 	  0.000000e+00 	 4.487335e-02
6.371296e+00 	 9.161041e-02 	 6.850645e-03 	  0.000000e+00 	 2.309369e-02
5.734328e+00 	 1.014287e-01 	 1.275249e-02 	  0.000000e+00 	 4.109032e-02
5.161041e+00 	 1.009050e-01 	 8.309200e-03 	  0.000000e+00 	 2.564010e-02
4.645068e+00 	 9.999078e-02 	 5.678602e-03 	  0.000000e+00 	 1.720384e-02
4.180679e+00 	 1.065527e-01 	 9.202783e-03 	  0.000000e+00 	 2.701067e-02
3.762717e+00 	 9.663060e-02 	 2.416887e-03 	  0.000000e+00 	 7.329831e-03
3.386540e+00 	 9.407955e-02 	 4.894708e-03 	  0.000000e+00 	 1.568149e-02
3.047972e+00 	 9.815767e-02 	 5.440604e-03 	  0.000000e+00 	 1.676637e-02
2.743252e+00 	 9.597805e-02 	 5.375128e-03 	  0.000000e+00 	 1.695112e-02
2.468997e+00 	 9.921667e-02 	 5.407274e-03 	  0.000000e+00 	 1.646962e-02
2.222160e+00 	 9.736161e-02 	 3.566935e-03 	  0.000000e+00 	 1.086597e-02
2.000000e+00 	 9.736161e-02 	 3.566935e-03 	  0.000000e+00 	 0.000000e+00
 
AI-2022~FIC-2004  
  FreqPeriod(min) 	 Unc_UB 	 Bode 	 Unc_LB 	 S/N_Ratio
1.000000e+03 	 2.691458e-01 	 2.150490e-01 	  1.609521e-01 	 9.513547e-01
9.000254e+02 	 2.691791e-01 	 2.150823e-01 	  1.609854e-01 	 9.799701e-01
8.100456e+02 	 2.692189e-01 	 2.151220e-01 	  1.610252e-01 	 1.005885e+00
7.290616e+02 	 2.692658e-01 	 2.151690e-01 	  1.610721e-01 	 1.029015e+00
6.561739e+02 	 2.693207e-01 	 2.152238e-01 	  1.611270e-01 	 1.049393e+00
5.905732e+02 	 2.693836e-01 	 2.152867e-01 	  1.611899e-01 	 1.067146e+00
5.315308e+02 	 2.694541e-01 	 2.153572e-01 	  1.612604e-01 	 1.082460e+00
4.783912e+02 	 2.695304e-01 	 2.154335e-01 	  1.613366e-01 	 1.095556e+00
4.305642e+02 	 2.696084e-01 	 2.155115e-01 	  1.614147e-01 	 1.106662e+00
3.875187e+02 	 2.696808e-01 	 2.155839e-01 	  1.614871e-01 	 1.115986e+00
3.487767e+02 	 2.697346e-01 	 2.156377e-01 	  1.615409e-01 	 1.123699e+00
3.139079e+02 	 2.697488e-01 	 2.156519e-01 	  1.615551e-01 	 1.129905e+00
2.825250e+02 	 2.696899e-01 	 2.155931e-01 	  1.614962e-01 	 1.134622e+00
2.542797e+02 	 2.695070e-01 	 2.154101e-01 	  1.613133e-01 	 1.137747e+00
2.288582e+02 	 2.689669e-01 	 2.150266e-01 	  1.610863e-01 	 1.139018e+00
2.059782e+02 	 2.681472e-01 	 2.143314e-01 	  1.605156e-01 	 1.137961e+00
1.853856e+02 	 2.668848e-01 	 2.131667e-01 	  1.594485e-01 	 1.133835e+00
1.668517e+02 	 2.649584e-01 	 2.113153e-01 	  1.576722e-01 	 1.125560e+00
1.501708e+02 	 2.620759e-01 	 2.084885e-01 	  1.549011e-01 	 1.111658e+00
1.351575e+02 	 2.578674e-01 	 2.043188e-01 	  1.507702e-01 	 1.090215e+00
1.216452e+02 	 2.518899e-01 	 1.983652e-01 	  1.448405e-01 	 1.058920e+00
1.094837e+02 	 2.436587e-01 	 1.901443e-01 	  1.366298e-01 	 1.015229e+00
9.853815e+01 	 2.327232e-01 	 1.792063e-01 	  1.256893e-01 	 9.567830e-01
8.868683e+01 	 2.188155e-01 	 1.652839e-01 	  1.117522e-01 	 8.822095e-01
7.982040e+01 	 2.021060e-01 	 1.485480e-01 	  9.498992e-02 	 7.924897e-01
7.184038e+01 	 1.835834e-01 	 1.299876e-01 	  7.639169e-02 	 6.929823e-01
6.465817e+01 	 1.654595e-01 	 1.118151e-01 	  5.817067e-02 	 5.955628e-01
5.819399e+01 	 1.510341e-01 	 9.733172e-02 	  4.362930e-02 	 5.178598e-01
5.237607e+01 	 1.426861e-01 	 8.891855e-02 	  3.515101e-02 	 4.725239e-01
4.713979e+01 	 1.383945e-01 	 8.455891e-02 	  3.072328e-02 	 4.487880e-01
4.242700e+01 	 1.320713e-01 	 7.817137e-02 	  2.427148e-02 	 4.143921e-01
3.818538e+01 	 1.190747e-01 	 6.512471e-02 	  1.117473e-02 	 3.449103e-01
3.436781e+01 	 1.023251e-01 	 4.835383e-02 	  0.000000e+00 	 2.559884e-01
3.093190e+01 	 9.545222e-02 	 4.150773e-02 	  0.000000e+00 	 2.198536e-01
2.783950e+01 	 1.016348e-01 	 4.778713e-02 	  0.000000e+00 	 2.535687e-01
2.505625e+01 	 1.038893e-01 	 5.022935e-02 	  0.000000e+00 	 2.674599e-01
2.255126e+01 	 9.881386e-02 	 4.544387e-02 	  0.000000e+00 	 2.432932e-01
2.029671e+01 	 9.374140e-02 	 4.075369e-02 	  0.000000e+00 	 2.197573e-01
1.826755e+01 	 8.192852e-02 	 2.937088e-02 	  0.000000e+00 	 1.596734e-01
1.644126e+01 	 7.328351e-02 	 2.111656e-02 	  0.000000e+00 	 1.156590e-01
1.479755e+01 	 7.900357e-02 	 2.706395e-02 	  0.000000e+00 	 1.488826e-01
1.331817e+01 	 7.980737e-02 	 2.780204e-02 	  0.000000e+00 	 1.527498e-01
1.198669e+01 	 7.148300e-02 	 1.905673e-02 	  0.000000e+00 	 1.038606e-01
1.078833e+01 	 6.959115e-02 	 1.652397e-02 	  0.000000e+00 	 8.896927e-02
9.709767e+00 	 6.756597e-02 	 1.409935e-02 	  0.000000e+00 	 7.534733e-02
8.739037e+00 	 5.903870e-02 	 6.030748e-03 	  0.000000e+00 	 3.250737e-02
7.865355e+00 	 7.062364e-02 	 1.896165e-02 	  0.000000e+00 	 1.048713e-01
7.079019e+00 	 6.210399e-02 	 1.162628e-02 	  0.000000e+00 	 6.581013e-02
6.371296e+00 	 5.377211e-02 	 2.968624e-03 	  0.000000e+00 	 1.669603e-02
5.734328e+00 	 6.239989e-02 	 9.487701e-03 	  0.000000e+00 	 5.123384e-02
5.161041e+00 	 6.602592e-02 	 1.088254e-02 	  0.000000e+00 	 5.638821e-02
4.645068e+00 	 6.067563e-02 	 4.154856e-03 	  0.000000e+00 	 2.100388e-02
4.180679e+00 	 6.331272e-02 	 5.234884e-03 	  0.000000e+00 	 2.575421e-02
3.762717e+00 	 5.974063e-02 	 3.737929e-03 	  0.000000e+00 	 1.907101e-02
3.386540e+00 	 5.416945e-02 	 7.989124e-04 	  0.000000e+00 	 4.277098e-03
3.047972e+00 	 5.770819e-02 	 2.497251e-03 	  0.000000e+00 	 1.292376e-02
2.743252e+00 	 5.523311e-02 	 1.346050e-03 	  0.000000e+00 	 7.137208e-03
2.468997e+00 	 5.670361e-02 	 2.197063e-03 	  0.000000e+00 	 1.151716e-02
2.222160e+00 	 5.617704e-02 	 1.704000e-03 	  0.000000e+00 	 8.937985e-03
2.000000e+00 	 5.617704e-02 	 1.704000e-03 	  0.000000e+00 	 0.000000e+00
 
AI-2022~TIC-2003  
  FreqPeriod(min) 	 Unc_UB 	 Bode 	 Unc_LB 	 S/N_Ratio
1.000000e+03 	 5.713943e-01 	 5.315049e-01 	  4.916155e-01 	 2.253023e+00
9.000254e+02 	 5.709745e-01 	 5.310850e-01 	  4.911956e-01 	 2.406107e+00
8.100456e+02 	 5.704584e-01 	 5.305690e-01 	  4.906795e-01 	 2.560049e+00
7.290616e+02 	 5.698247e-01 	 5.299353e-01 	  4.900459e-01 	 2.712124e+00
6.561739e+02 	 5.690476e-01 	 5.291581e-01 	  4.892687e-01 	 2.859520e+00
5.905732e+02 	 5.680960e-01 	 5.282066e-01 	  4.883172e-01 	 2.999499e+00
5.315308e+02 	 5.669332e-01 	 5.270438e-01 	  4.871544e-01 	 3.129565e+00
4.783912e+02 	 5.655157e-01 	 5.256263e-01 	  4.857369e-01 	 3.247599e+00
4.305642e+02 	 5.637930e-01 	 5.239035e-01 	  4.840141e-01 	 3.351945e+00
3.875187e+02 	 5.617072e-01 	 5.218178e-01 	  4.819284e-01 	 3.441434e+00
3.487767e+02 	 5.591942e-01 	 5.193048e-01 	  4.794153e-01 	 3.515365e+00
3.139079e+02 	 5.561845e-01 	 5.162951e-01 	  4.764056e-01 	 3.573441e+00
2.825250e+02 	 5.526075e-01 	 5.127181e-01 	  4.728286e-01 	 3.615695e+00
2.542797e+02 	 5.483976e-01 	 5.085081e-01 	  4.686187e-01 	 3.642435e+00
2.288582e+02 	 5.429931e-01 	 5.036149e-01 	  4.642367e-01 	 3.654217e+00
2.059782e+02 	 5.369845e-01 	 4.980189e-01 	  4.590534e-01 	 3.651883e+00
1.853856e+02 	 5.303896e-01 	 4.917532e-01 	  4.531169e-01 	 3.636660e+00
1.668517e+02 	 5.233096e-01 	 4.849314e-01 	  4.465532e-01 	 3.610334e+00
1.501708e+02 	 5.159591e-01 	 4.777782e-01 	  4.395972e-01 	 3.575452e+00
1.351575e+02 	 5.086907e-01 	 4.706540e-01 	  4.326173e-01 	 3.535495e+00
1.216452e+02 	 5.019926e-01 	 4.640532e-01 	  4.261139e-01 	 3.494855e+00
1.094837e+02 	 4.964302e-01 	 4.585457e-01 	  4.206612e-01 	 3.458377e+00
9.853815e+01 	 4.924933e-01 	 4.546241e-01 	  4.167549e-01 	 3.430186e+00
8.868683e+01 	 4.903325e-01 	 4.524407e-01 	  4.145490e-01 	 3.411681e+00
7.982040e+01 	 4.894321e-01 	 4.514807e-01 	  4.135292e-01 	 3.399087e+00
7.184038e+01 	 4.883732e-01 	 4.503249e-01 	  4.122766e-01 	 3.381757e+00
6.465817e+01 	 4.849353e-01 	 4.467527e-01 	  4.085701e-01 	 3.343132e+00
5.819399e+01 	 4.767938e-01 	 4.384395e-01 	  4.000852e-01 	 3.266231e+00
5.237607e+01 	 4.628909e-01 	 4.243284e-01 	  3.857659e-01 	 3.144045e+00
4.713979e+01 	 4.450123e-01 	 4.062085e-01 	  3.674048e-01 	 2.991073e+00
4.242700e+01 	 4.279656e-01 	 3.888945e-01 	  3.498233e-01 	 2.843985e+00
3.818538e+01 	 4.160762e-01 	 3.767240e-01 	  3.373719e-01 	 2.735311e+00
3.436781e+01 	 4.076000e-01 	 3.679733e-01 	  3.283466e-01 	 2.653264e+00
3.093190e+01 	 3.955289e-01 	 3.556631e-01 	  3.157974e-01 	 2.549123e+00
2.783950e+01 	 3.764989e-01 	 3.364675e-01 	  2.964361e-01 	 2.401564e+00
2.505625e+01 	 3.525153e-01 	 3.124351e-01 	  2.723548e-01 	 2.227312e+00
2.255126e+01 	 3.215714e-01 	 2.815994e-01 	  2.416273e-01 	 2.012922e+00
2.029671e+01 	 2.846412e-01 	 2.449565e-01 	  2.052717e-01 	 1.763669e+00
1.826755e+01 	 2.500650e-01 	 2.108308e-01 	  1.715965e-01 	 1.535396e+00
1.644126e+01 	 2.133491e-01 	 1.746559e-01 	  1.359627e-01 	 1.289735e+00
1.479755e+01 	 1.802678e-01 	 1.420698e-01 	  1.038717e-01 	 1.062703e+00
1.331817e+01 	 1.512087e-01 	 1.132796e-01 	  7.535063e-02 	 8.533593e-01
1.198669e+01 	 1.296624e-01 	 9.162352e-02 	  5.358460e-02 	 6.882250e-01
1.078833e+01 	 1.102384e-01 	 7.173279e-02 	  3.322720e-02 	 5.322866e-01
9.709767e+00 	 9.348723e-02 	 5.453582e-02 	  1.558440e-02 	 4.000463e-01
8.739037e+00 	 8.021986e-02 	 4.149657e-02 	  2.773288e-03 	 3.061905e-01
7.865355e+00 	 6.800299e-02 	 3.041810e-02 	  0.000000e+00 	 2.312440e-01
7.079019e+00 	 5.649397e-02 	 2.013122e-02 	  0.000000e+00 	 1.581848e-01
6.371296e+00 	 4.522577e-02 	 8.835228e-03 	  0.000000e+00 	 6.937146e-02
5.734328e+00 	 4.110065e-02 	 3.047767e-03 	  0.000000e+00 	 2.288473e-02
5.161041e+00 	 4.778321e-02 	 8.051523e-03 	  0.000000e+00 	 5.790188e-02
4.645068e+00 	 4.994905e-02 	 9.459176e-03 	  0.000000e+00 	 6.675112e-02
4.180679e+00 	 5.022129e-02 	 8.441217e-03 	  0.000000e+00 	 5.772814e-02
3.762717e+00 	 4.614074e-02 	 5.708461e-03 	  0.000000e+00 	 4.034061e-02
3.386540e+00 	 4.169322e-02 	 3.407170e-03 	  0.000000e+00 	 2.542758e-02
3.047972e+00 	 4.262295e-02 	 2.840557e-03 	  0.000000e+00 	 2.040160e-02
2.743252e+00 	 4.297611e-02 	 4.076981e-03 	  0.000000e+00 	 2.994681e-02
2.468997e+00 	 4.292222e-02 	 2.705664e-03 	  0.000000e+00 	 1.922297e-02
2.222160e+00 	 4.087379e-02 	 6.722025e-04 	  0.000000e+00 	 4.777586e-03
2.000000e+00 	 4.087379e-02 	 6.722025e-04 	  0.000000e+00 	 0.000000e+00
 
Typical Moves
FI-2005 	 1.000000
FIC-2001 	 1.000000
FIC-2002 	 1.000000
FIC-2004 	 1.000000
TIC-2003 	 1.000000
