AI-2020~FI-2005  
  FreqPeriod(min) 	 Unc_UB 	 Bode 	 Unc_LB 	 S/N_Ratio
1.000000e+03 	 3.963836e-01 	 3.536348e-01 	  3.108859e-01 	 1.303359e+00
9.000254e+02 	 3.962561e-01 	 3.535073e-01 	  3.107584e-01 	 1.374789e+00
8.100456e+02 	 3.960989e-01 	 3.533500e-01 	  3.106012e-01 	 1.445117e+00
7.290616e+02 	 3.959050e-01 	 3.531561e-01 	  3.104073e-01 	 1.512997e+00
6.561739e+02 	 3.956658e-01 	 3.529170e-01 	  3.101681e-01 	 1.577167e+00
5.905732e+02 	 3.953711e-01 	 3.526222e-01 	  3.098734e-01 	 1.636528e+00
5.315308e+02 	 3.950079e-01 	 3.522590e-01 	  3.095102e-01 	 1.690196e+00
4.783912e+02 	 3.945605e-01 	 3.518117e-01 	  3.090628e-01 	 1.737519e+00
4.305642e+02 	 3.940098e-01 	 3.512610e-01 	  3.085121e-01 	 1.778076e+00
3.875187e+02 	 3.933323e-01 	 3.505835e-01 	  3.078346e-01 	 1.811635e+00
3.487767e+02 	 3.924995e-01 	 3.497507e-01 	  3.070018e-01 	 1.838107e+00
3.139079e+02 	 3.914768e-01 	 3.487280e-01 	  3.059791e-01 	 1.857484e+00
2.825250e+02 	 3.902225e-01 	 3.474736e-01 	  3.047248e-01 	 1.869780e+00
2.542797e+02 	 3.886865e-01 	 3.459376e-01 	  3.031888e-01 	 1.874980e+00
2.288582e+02 	 3.868091e-01 	 3.440602e-01 	  3.013113e-01 	 1.873000e+00
2.059782e+02 	 3.845197e-01 	 3.417709e-01 	  2.990220e-01 	 1.863663e+00
1.853856e+02 	 3.817362e-01 	 3.389873e-01 	  2.962385e-01 	 1.846683e+00
1.668517e+02 	 3.783639e-01 	 3.356151e-01 	  2.928662e-01 	 1.821680e+00
1.501708e+02 	 3.745691e-01 	 3.315477e-01 	  2.885263e-01 	 1.788202e+00
1.351575e+02 	 3.700872e-01 	 3.266689e-01 	  2.832505e-01 	 1.745779e+00
1.216452e+02 	 3.648056e-01 	 3.208563e-01 	  2.769070e-01 	 1.694002e+00
1.094837e+02 	 3.586149e-01 	 3.139893e-01 	  2.693637e-01 	 1.632623e+00
9.853815e+01 	 3.514193e-01 	 3.059598e-01 	  2.605003e-01 	 1.561689e+00
8.868683e+01 	 3.431511e-01 	 2.966886e-01 	  2.502262e-01 	 1.481678e+00
7.982040e+01 	 3.337882e-01 	 2.861458e-01 	  2.385034e-01 	 1.393634e+00
7.184038e+01 	 3.233714e-01 	 2.743709e-01 	  2.253703e-01 	 1.299249e+00
6.465817e+01 	 3.120130e-01 	 2.614868e-01 	  2.109606e-01 	 1.200849e+00
5.819399e+01 	 2.998827e-01 	 2.476918e-01 	  1.955009e-01 	 1.101215e+00
5.237607e+01 	 2.871520e-01 	 2.332111e-01 	  1.792702e-01 	 1.003197e+00
4.713979e+01 	 2.738889e-01 	 2.181984e-01 	  1.625079e-01 	 9.091292e-01
4.242700e+01 	 2.599277e-01 	 2.026101e-01 	  1.452926e-01 	 8.202163e-01
3.818538e+01 	 2.448082e-01 	 1.861417e-01 	  1.274752e-01 	 7.362213e-01
3.436781e+01 	 2.279317e-01 	 1.683691e-01 	  1.088065e-01 	 6.559092e-01
3.093190e+01 	 2.090242e-01 	 1.491839e-01 	  8.934360e-02 	 5.784734e-01
2.783950e+01 	 1.887175e-01 	 1.293373e-01 	  6.995716e-02 	 5.054026e-01
2.505625e+01 	 1.685950e-01 	 1.104533e-01 	  5.231162e-02 	 4.408046e-01
2.255126e+01 	 1.499978e-01 	 9.382299e-02 	  3.764820e-02 	 3.875457e-01
2.029671e+01 	 1.326524e-01 	 7.904862e-02 	  2.544486e-02 	 3.421796e-01
1.826755e+01 	 1.159925e-01 	 6.540285e-02 	  1.481324e-02 	 2.999787e-01
1.644126e+01 	 1.012047e-01 	 5.391863e-02 	  6.632588e-03 	 2.645824e-01
1.479755e+01 	 8.824292e-02 	 4.444324e-02 	  6.435618e-04 	 2.354452e-01
1.331817e+01 	 7.567130e-02 	 3.551834e-02 	  0.000000e+00 	 2.052533e-01
1.198669e+01 	 6.461312e-02 	 2.837641e-02 	  0.000000e+00 	 1.817036e-01
1.078833e+01 	 5.362008e-02 	 2.188003e-02 	  0.000000e+00 	 1.599542e-01
9.709767e+00 	 4.294715e-02 	 1.682718e-02 	  0.000000e+00 	 1.494836e-01
8.739037e+00 	 3.142711e-02 	 1.244810e-02 	  0.000000e+00 	 1.521895e-01
7.865355e+00 	 2.052159e-02 	 9.203824e-03 	  0.000000e+00 	 1.886959e-01
7.079019e+00 	 1.290945e-02 	 6.846404e-03 	  7.833583e-04 	 2.620154e-01
6.371296e+00 	 9.820170e-03 	 5.071563e-03 	  3.229560e-04 	 2.478168e-01
5.734328e+00 	 7.871836e-03 	 3.807016e-03 	  0.000000e+00 	 2.173194e-01
5.161041e+00 	 5.544023e-03 	 2.662611e-03 	  0.000000e+00 	 2.144162e-01
4.645068e+00 	 5.087067e-03 	 2.181653e-03 	  0.000000e+00 	 1.742340e-01
4.180679e+00 	 4.652868e-03 	 2.003823e-03 	  0.000000e+00 	 1.755194e-01
3.762717e+00 	 4.323908e-03 	 1.480662e-03 	  0.000000e+00 	 1.208360e-01
3.386540e+00 	 3.926781e-03 	 1.252616e-03 	  0.000000e+00 	 1.086888e-01
3.047972e+00 	 5.632322e-03 	 1.130636e-03 	  0.000000e+00 	 5.827775e-02
2.743252e+00 	 9.006050e-03 	 1.093403e-03 	  0.000000e+00 	 3.206369e-02
2.468997e+00 	 2.611462e-02 	 1.098550e-03 	  0.000000e+00 	 1.018957e-02
2.222160e+00 	 3.306837e-02 	 1.013842e-03 	  0.000000e+00 	 7.338985e-03
2.000000e+00 	 3.306837e-02 	 1.013842e-03 	  0.000000e+00 	 0.000000e+00
 
AI-2020~FIC-2001  
  FreqPeriod(min) 	 Unc_UB 	 Bode 	 Unc_LB 	 S/N_Ratio
1.000000e+03 	 4.503176e-01 	 4.060154e-01 	  3.617132e-01 	 1.297961e+00
9.000254e+02 	 4.498332e-01 	 4.055310e-01 	  3.612288e-01 	 1.374739e+00
8.100456e+02 	 4.492358e-01 	 4.049336e-01 	  3.606314e-01 	 1.451205e+00
7.290616e+02 	 4.484992e-01 	 4.041970e-01 	  3.598947e-01 	 1.525831e+00
6.561739e+02 	 4.475912e-01 	 4.032889e-01 	  3.589867e-01 	 1.597086e+00
5.905732e+02 	 4.464723e-01 	 4.021700e-01 	  3.578678e-01 	 1.663525e+00
5.315308e+02 	 4.450941e-01 	 4.007919e-01 	  3.564896e-01 	 1.723859e+00
4.783912e+02 	 4.433975e-01 	 3.990953e-01 	  3.547930e-01 	 1.777004e+00
4.305642e+02 	 4.413102e-01 	 3.970080e-01 	  3.527058e-01 	 1.822093e+00
3.875187e+02 	 4.387445e-01 	 3.944423e-01 	  3.501401e-01 	 1.858457e+00
3.487767e+02 	 4.355939e-01 	 3.912916e-01 	  3.469894e-01 	 1.885577e+00
3.139079e+02 	 4.317298e-01 	 3.874276e-01 	  3.431254e-01 	 1.903017e+00
2.825250e+02 	 4.269983e-01 	 3.826961e-01 	  3.383939e-01 	 1.910348e+00
2.542797e+02 	 4.212161e-01 	 3.769139e-01 	  3.326116e-01 	 1.907075e+00
2.288582e+02 	 4.141673e-01 	 3.698650e-01 	  3.255628e-01 	 1.892572e+00
2.059782e+02 	 4.056011e-01 	 3.612989e-01 	  3.169967e-01 	 1.866034e+00
1.853856e+02 	 3.952321e-01 	 3.509299e-01 	  3.066276e-01 	 1.826449e+00
1.668517e+02 	 3.827438e-01 	 3.384416e-01 	  2.941394e-01 	 1.772610e+00
1.501708e+02 	 3.675712e-01 	 3.234984e-01 	  2.794255e-01 	 1.703162e+00
1.351575e+02 	 3.496536e-01 	 3.057692e-01 	  2.618848e-01 	 1.616735e+00
1.216452e+02 	 3.287005e-01 	 2.849730e-01 	  2.412455e-01 	 1.512182e+00
1.094837e+02 	 3.045530e-01 	 2.609598e-01 	  2.173665e-01 	 1.389022e+00
9.853815e+01 	 2.773283e-01 	 2.338558e-01 	  1.903834e-01 	 1.248215e+00
8.868683e+01 	 2.476796e-01 	 2.043249e-01 	  1.609703e-01 	 1.093556e+00
7.982040e+01 	 2.172715e-01 	 1.740442e-01 	  1.308169e-01 	 9.342358e-01
7.184038e+01 	 1.895845e-01 	 1.465103e-01 	  1.034360e-01 	 7.892336e-01
6.465817e+01 	 1.706497e-01 	 1.277757e-01 	  8.490175e-02 	 6.915277e-01
5.819399e+01 	 1.669574e-01 	 1.243593e-01 	  8.176115e-02 	 6.773961e-01
5.237607e+01 	 1.784150e-01 	 1.362052e-01 	  9.399549e-02 	 7.487487e-01
4.713979e+01 	 1.966541e-01 	 1.549910e-01 	  1.133280e-01 	 8.631979e-01
4.242700e+01 	 2.119636e-01 	 1.710580e-01 	  1.301524e-01 	 9.703221e-01
3.818538e+01 	 2.176747e-01 	 1.777905e-01 	  1.379062e-01 	 1.034337e+00
3.436781e+01 	 2.117522e-01 	 1.731953e-01 	  1.346385e-01 	 1.042293e+00
3.093190e+01 	 1.980582e-01 	 1.611513e-01 	  1.242443e-01 	 1.013166e+00
2.783950e+01 	 1.847487e-01 	 1.497904e-01 	  1.148321e-01 	 9.942355e-01
2.505625e+01 	 1.757996e-01 	 1.430186e-01 	  1.102376e-01 	 1.012337e+00
2.255126e+01 	 1.657654e-01 	 1.352795e-01 	  1.047936e-01 	 1.029646e+00
2.029671e+01 	 1.528654e-01 	 1.246575e-01 	  9.644967e-02 	 1.025424e+00
1.826755e+01 	 1.459091e-01 	 1.198214e-01 	  9.373363e-02 	 1.065744e+00
1.644126e+01 	 1.401730e-01 	 1.159117e-01 	  9.165044e-02 	 1.108584e+00
1.479755e+01 	 1.280066e-01 	 1.051482e-01 	  8.228981e-02 	 1.067360e+00
1.331817e+01 	 1.227840e-01 	 1.007762e-01 	  7.876836e-02 	 1.062517e+00
1.198669e+01 	 1.106426e-01 	 8.881120e-02 	  6.697981e-02 	 9.439335e-01
1.078833e+01 	 9.584587e-02 	 7.345711e-02 	  5.106835e-02 	 7.613053e-01
9.709767e+00 	 8.331915e-02 	 5.982195e-02 	  3.632475e-02 	 5.907444e-01
8.739037e+00 	 8.124083e-02 	 5.679114e-02 	  3.234145e-02 	 5.389672e-01
7.865355e+00 	 7.276881e-02 	 4.846719e-02 	  2.416557e-02 	 4.627726e-01
7.079019e+00 	 6.071432e-02 	 3.749437e-02 	  1.427442e-02 	 3.746795e-01
6.371296e+00 	 5.612234e-02 	 3.363147e-02 	  1.114060e-02 	 3.469722e-01
5.734328e+00 	 5.724438e-02 	 3.452785e-02 	  1.181132e-02 	 3.526814e-01
5.161041e+00 	 5.496173e-02 	 3.181341e-02 	  8.665082e-03 	 3.188935e-01
4.645068e+00 	 5.115900e-02 	 2.738973e-02 	  3.620449e-03 	 2.673787e-01
4.180679e+00 	 5.006586e-02 	 2.430106e-02 	  0.000000e+00 	 2.188536e-01
3.762717e+00 	 4.828624e-02 	 2.306511e-02 	  0.000000e+00 	 2.122002e-01
3.386540e+00 	 4.090780e-02 	 1.746785e-02 	  0.000000e+00 	 1.729171e-01
3.047972e+00 	 3.718876e-02 	 1.239233e-02 	  0.000000e+00 	 1.159629e-01
2.743252e+00 	 3.577901e-02 	 1.273287e-02 	  0.000000e+00 	 1.281986e-01
2.468997e+00 	 3.734866e-02 	 1.328815e-02 	  0.000000e+00 	 1.281489e-01
2.222160e+00 	 3.764319e-02 	 1.310161e-02 	  0.000000e+00 	 1.238732e-01
2.000000e+00 	 3.764319e-02 	 1.310161e-02 	  0.000000e+00 	 0.000000e+00
 
AI-2020~FIC-2002  
  FreqPeriod(min) 	 Unc_UB 	 Bode 	 Unc_LB 	 S/N_Ratio
1.000000e+03 	 1.797882e-01 	 1.113634e-01 	  4.293854e-02 	 2.091289e-01
9.000254e+02 	 1.800916e-01 	 1.116667e-01 	  4.324190e-02 	 2.238398e-01
8.100456e+02 	 1.804640e-01 	 1.120391e-01 	  4.361429e-02 	 2.391211e-01
7.290616e+02 	 1.809205e-01 	 1.124957e-01 	  4.407084e-02 	 2.548065e-01
6.561739e+02 	 1.814794e-01 	 1.130545e-01 	  4.462967e-02 	 2.707260e-01
5.905732e+02 	 1.821621e-01 	 1.137372e-01 	  4.531238e-02 	 2.867215e-01
5.315308e+02 	 1.829942e-01 	 1.145694e-01 	  4.614451e-02 	 3.026647e-01
4.783912e+02 	 1.840056e-01 	 1.155807e-01 	  4.715589e-02 	 3.184731e-01
4.305642e+02 	 1.852306e-01 	 1.168058e-01 	  4.838093e-02 	 3.341227e-01
3.875187e+02 	 1.867084e-01 	 1.182835e-01 	  4.985870e-02 	 3.496540e-01
3.487767e+02 	 1.884823e-01 	 1.200574e-01 	  5.163259e-02 	 3.651726e-01
3.139079e+02 	 1.905992e-01 	 1.221743e-01 	  5.374950e-02 	 3.808415e-01
2.825250e+02 	 1.931079e-01 	 1.246831e-01 	  5.625820e-02 	 3.968683e-01
2.542797e+02 	 1.960565e-01 	 1.276317e-01 	  5.920684e-02 	 4.134867e-01
2.288582e+02 	 1.994887e-01 	 1.310639e-01 	  6.263905e-02 	 4.309330e-01
2.059782e+02 	 2.034384e-01 	 1.350136e-01 	  6.658871e-02 	 4.494190e-01
1.853856e+02 	 2.079226e-01 	 1.394978e-01 	  7.107293e-02 	 4.691007e-01
1.668517e+02 	 2.129330e-01 	 1.445082e-01 	  7.608334e-02 	 4.900424e-01
1.501708e+02 	 2.179564e-01 	 1.500005e-01 	  8.204473e-02 	 5.121784e-01
1.351575e+02 	 2.234570e-01 	 1.558831e-01 	  8.830907e-02 	 5.352719e-01
1.216452e+02 	 2.292660e-01 	 1.620044e-01 	  9.474287e-02 	 5.588755e-01
1.094837e+02 	 2.351453e-01 	 1.681433e-01 	  1.011413e-01 	 5.823004e-01
9.853815e+01 	 2.407813e-01 	 1.740025e-01 	  1.072236e-01 	 6.046050e-01
8.868683e+01 	 2.457873e-01 	 1.792128e-01 	  1.126383e-01 	 6.246205e-01
7.982040e+01 	 2.497229e-01 	 1.833546e-01 	  1.169862e-01 	 6.410409e-01
7.184038e+01 	 2.521387e-01 	 1.860042e-01 	  1.198696e-01 	 6.526033e-01
6.465817e+01 	 2.526521e-01 	 1.868127e-01 	  1.209733e-01 	 6.583785e-01
5.819399e+01 	 2.510448e-01 	 1.856063e-01 	  1.201679e-01 	 6.581348e-01
5.237607e+01 	 2.473369e-01 	 1.824628e-01 	  1.175888e-01 	 6.526168e-01
4.713979e+01 	 2.417338e-01 	 1.776591e-01 	  1.135845e-01 	 6.433638e-01
4.242700e+01 	 2.343099e-01 	 1.713526e-01 	  1.083952e-01 	 6.315378e-01
3.818538e+01 	 2.244478e-01 	 1.630101e-01 	  1.015723e-01 	 6.156505e-01
3.436781e+01 	 2.105189e-01 	 1.510721e-01 	  9.162525e-02 	 5.896721e-01
3.093190e+01 	 1.908173e-01 	 1.338628e-01 	  7.690824e-02 	 5.453641e-01
2.783950e+01 	 1.666069e-01 	 1.126147e-01 	  5.862245e-02 	 4.839705e-01
2.505625e+01 	 1.458808e-01 	 9.521744e-02 	  4.455404e-02 	 4.360911e-01
2.255126e+01 	 1.376165e-01 	 9.048099e-02 	  4.334547e-02 	 4.454143e-01
2.029671e+01 	 1.335939e-01 	 8.997839e-02 	  4.636291e-02 	 4.786881e-01
1.826755e+01 	 1.205805e-01 	 8.025838e-02 	  3.993626e-02 	 4.618512e-01
1.644126e+01 	 1.068671e-01 	 6.939776e-02 	  3.192845e-02 	 4.297588e-01
1.479755e+01 	 9.885980e-02 	 6.359489e-02 	  2.832997e-02 	 4.184412e-01
1.331817e+01 	 8.275683e-02 	 4.883880e-02 	  1.492077e-02 	 3.341100e-01
1.198669e+01 	 7.188467e-02 	 3.825580e-02 	  4.626918e-03 	 2.639611e-01
1.078833e+01 	 5.830806e-02 	 2.380908e-02 	  0.000000e+00 	 1.601370e-01
9.709767e+00 	 5.428611e-02 	 1.804204e-02 	  0.000000e+00 	 1.155058e-01
8.739037e+00 	 6.198915e-02 	 2.423994e-02 	  0.000000e+00 	 1.489974e-01
7.865355e+00 	 6.537083e-02 	 2.784901e-02 	  0.000000e+00 	 1.722189e-01
7.079019e+00 	 6.460670e-02 	 2.878600e-02 	  0.000000e+00 	 1.864671e-01
6.371296e+00 	 6.239030e-02 	 2.771002e-02 	  0.000000e+00 	 1.853999e-01
5.734328e+00 	 5.850812e-02 	 2.345183e-02 	  0.000000e+00 	 1.552265e-01
5.161041e+00 	 5.517883e-02 	 1.944142e-02 	  0.000000e+00 	 1.262292e-01
4.645068e+00 	 5.453929e-02 	 1.787698e-02 	  0.000000e+00 	 1.131434e-01
4.180679e+00 	 5.368010e-02 	 1.392797e-02 	  0.000000e+00 	 8.129852e-02
3.762717e+00 	 5.246796e-02 	 1.353703e-02 	  0.000000e+00 	 8.068326e-02
3.386540e+00 	 4.595376e-02 	 9.802171e-03 	  0.000000e+00 	 6.291439e-02
3.047972e+00 	 4.034399e-02 	 2.068112e-03 	  0.000000e+00 	 1.253730e-02
2.743252e+00 	 4.399459e-02 	 8.451559e-03 	  0.000000e+00 	 5.517437e-02
2.468997e+00 	 4.731180e-02 	 1.013797e-02 	  0.000000e+00 	 6.328034e-02
2.222160e+00 	 4.588559e-02 	 8.154492e-03 	  0.000000e+00 	 5.014788e-02
2.000000e+00 	 4.588559e-02 	 8.154492e-03 	  0.000000e+00 	 0.000000e+00
 
AI-2020~FIC-2004  
  FreqPeriod(min) 	 Unc_UB 	 Bode 	 Unc_LB 	 S/N_Ratio
1.000000e+03 	 5.260145e-01 	 4.850197e-01 	  4.440249e-01 	 2.328268e+00
9.000254e+02 	 5.255721e-01 	 4.845773e-01 	  4.435826e-01 	 2.385181e+00
8.100456e+02 	 5.250266e-01 	 4.840318e-01 	  4.430371e-01 	 2.436029e+00
7.290616e+02 	 5.243541e-01 	 4.833593e-01 	  4.423645e-01 	 2.480417e+00
6.561739e+02 	 5.235252e-01 	 4.825304e-01 	  4.415357e-01 	 2.518180e+00
5.905732e+02 	 5.225040e-01 	 4.815093e-01 	  4.405145e-01 	 2.549330e+00
5.315308e+02 	 5.212466e-01 	 4.802518e-01 	  4.392571e-01 	 2.573986e+00
4.783912e+02 	 5.196991e-01 	 4.787043e-01 	  4.377096e-01 	 2.592311e+00
4.305642e+02 	 5.177960e-01 	 4.768013e-01 	  4.358065e-01 	 2.604447e+00
3.875187e+02 	 5.154579e-01 	 4.744631e-01 	  4.334684e-01 	 2.610468e+00
3.487767e+02 	 5.125885e-01 	 4.715937e-01 	  4.305990e-01 	 2.610337e+00
3.139079e+02 	 5.090720e-01 	 4.680772e-01 	  4.270825e-01 	 2.603873e+00
2.825250e+02 	 5.047702e-01 	 4.637754e-01 	  4.227807e-01 	 2.590724e+00
2.542797e+02 	 4.995192e-01 	 4.585244e-01 	  4.175297e-01 	 2.570345e+00
2.288582e+02 	 4.931273e-01 	 4.521325e-01 	  4.111377e-01 	 2.541991e+00
2.059782e+02 	 4.853735e-01 	 4.443787e-01 	  4.033840e-01 	 2.504705e+00
1.853856e+02 	 4.760089e-01 	 4.350142e-01 	  3.940194e-01 	 2.457339e+00
1.668517e+02 	 4.647619e-01 	 4.237671e-01 	  3.827724e-01 	 2.398579e+00
1.501708e+02 	 4.512736e-01 	 4.103556e-01 	  3.694377e-01 	 2.327029e+00
1.351575e+02 	 4.353526e-01 	 3.945107e-01 	  3.536689e-01 	 2.241343e+00
1.216452e+02 	 4.167798e-01 	 3.760178e-01 	  3.352558e-01 	 2.140466e+00
1.094837e+02 	 3.954560e-01 	 3.547831e-01 	  3.141103e-01 	 2.024012e+00
9.853815e+01 	 3.715063e-01 	 3.309383e-01 	  2.903703e-01 	 1.892859e+00
8.868683e+01 	 3.454297e-01 	 3.049910e-01 	  2.645522e-01 	 1.750023e+00
7.982040e+01 	 3.182963e-01 	 2.780223e-01 	  2.377484e-01 	 1.601809e+00
7.184038e+01 	 2.919372e-01 	 2.518788e-01 	  2.118205e-01 	 1.458993e+00
6.465817e+01 	 2.689439e-01 	 2.291718e-01 	  1.893996e-01 	 1.337018e+00
5.819399e+01 	 2.520625e-01 	 2.126733e-01 	  1.732841e-01 	 1.252827e+00
5.237607e+01 	 2.426538e-01 	 2.037772e-01 	  1.649006e-01 	 1.216248e+00
4.713979e+01 	 2.390251e-01 	 2.008296e-01 	  1.626340e-01 	 1.220029e+00
4.242700e+01 	 2.365965e-01 	 1.992928e-01 	  1.619891e-01 	 1.239637e+00
3.818538e+01 	 2.304050e-01 	 1.942425e-01 	  1.580800e-01 	 1.246354e+00
3.436781e+01 	 2.182688e-01 	 1.835216e-01 	  1.487744e-01 	 1.225526e+00
3.093190e+01 	 2.025817e-01 	 1.695209e-01 	  1.364602e-01 	 1.189776e+00
2.783950e+01 	 1.879425e-01 	 1.567983e-01 	  1.256542e-01 	 1.168206e+00
2.505625e+01 	 1.741117e-01 	 1.450329e-01 	  1.159541e-01 	 1.157297e+00
2.255126e+01 	 1.558607e-01 	 1.288836e-01 	  1.019064e-01 	 1.108552e+00
2.029671e+01 	 1.384992e-01 	 1.135345e-01 	  8.856976e-02 	 1.055252e+00
1.826755e+01 	 1.382649e-01 	 1.151033e-01 	  9.194172e-02 	 1.153120e+00
1.644126e+01 	 1.423395e-01 	 1.206676e-01 	  9.899576e-02 	 1.291961e+00
1.479755e+01 	 1.328572e-01 	 1.122741e-01 	  9.169103e-02 	 1.265681e+00
1.331817e+01 	 1.189909e-01 	 9.901839e-02 	  7.904592e-02 	 1.150374e+00
1.198669e+01 	 9.847712e-02 	 7.856879e-02 	  5.866045e-02 	 9.157358e-01
1.078833e+01 	 9.150441e-02 	 7.108756e-02 	  5.067071e-02 	 8.079042e-01
9.709767e+00 	 8.451331e-02 	 6.316197e-02 	  4.181064e-02 	 6.864134e-01
8.739037e+00 	 7.653200e-02 	 5.436434e-02 	  3.219669e-02 	 5.690488e-01
7.865355e+00 	 6.959181e-02 	 4.746379e-02 	  2.533578e-02 	 4.977085e-01
7.079019e+00 	 6.542616e-02 	 4.408044e-02 	  2.273471e-02 	 4.791705e-01
6.371296e+00 	 5.996060e-02 	 3.917386e-02 	  1.838712e-02 	 4.372855e-01
5.734328e+00 	 5.459096e-02 	 3.367323e-02 	  1.275550e-02 	 3.735299e-01
5.161041e+00 	 5.437462e-02 	 3.309199e-02 	  1.180935e-02 	 3.607884e-01
4.645068e+00 	 5.063572e-02 	 2.866420e-02 	  6.692674e-03 	 3.027155e-01
4.180679e+00 	 5.188627e-02 	 2.817061e-02 	  4.454942e-03 	 2.756233e-01
3.762717e+00 	 4.989843e-02 	 2.675702e-02 	  3.615618e-03 	 2.682892e-01
3.386540e+00 	 4.054070e-02 	 1.890665e-02 	  0.000000e+00 	 2.027831e-01
3.047972e+00 	 3.493460e-02 	 1.214217e-02 	  0.000000e+00 	 1.236121e-01
2.743252e+00 	 3.480748e-02 	 1.366788e-02 	  0.000000e+00 	 1.500235e-01
2.468997e+00 	 3.714975e-02 	 1.555045e-02 	  0.000000e+00 	 1.670546e-01
2.222160e+00 	 3.732002e-02 	 1.540696e-02 	  0.000000e+00 	 1.631433e-01
2.000000e+00 	 3.732002e-02 	 1.540696e-02 	  0.000000e+00 	 0.000000e+00
 
AI-2020~TIC-2003  
  FreqPeriod(min) 	 Unc_UB 	 Bode 	 Unc_LB 	 S/N_Ratio
1.000000e+03 	 3.201811e-01 	 2.908519e-01 	  2.615228e-01 	 1.337823e+00
9.000254e+02 	 3.200258e-01 	 2.906967e-01 	  2.613676e-01 	 1.422790e+00
8.100456e+02 	 3.198343e-01 	 2.905052e-01 	  2.611761e-01 	 1.508709e+00
7.290616e+02 	 3.195982e-01 	 2.902690e-01 	  2.609399e-01 	 1.594043e+00
6.561739e+02 	 3.193070e-01 	 2.899779e-01 	  2.606487e-01 	 1.677207e+00
5.905732e+02 	 3.189481e-01 	 2.896190e-01 	  2.602898e-01 	 1.756656e+00
5.315308e+02 	 3.185059e-01 	 2.891767e-01 	  2.598476e-01 	 1.830988e+00
4.783912e+02 	 3.179612e-01 	 2.886321e-01 	  2.593030e-01 	 1.899015e+00
4.305642e+02 	 3.172908e-01 	 2.879617e-01 	  2.586326e-01 	 1.959810e+00
3.875187e+02 	 3.164662e-01 	 2.871370e-01 	  2.578079e-01 	 2.012719e+00
3.487767e+02 	 3.154526e-01 	 2.861235e-01 	  2.567944e-01 	 2.057336e+00
3.139079e+02 	 3.142083e-01 	 2.848792e-01 	  2.555501e-01 	 2.093452e+00
2.825250e+02 	 3.126826e-01 	 2.833535e-01 	  2.540244e-01 	 2.120991e+00
2.542797e+02 	 3.108150e-01 	 2.814859e-01 	  2.521568e-01 	 2.139931e+00
2.288582e+02 	 3.085335e-01 	 2.792044e-01 	  2.498752e-01 	 2.150245e+00
2.059782e+02 	 3.057534e-01 	 2.764243e-01 	  2.470951e-01 	 2.151834e+00
1.853856e+02 	 3.023766e-01 	 2.730474e-01 	  2.437183e-01 	 2.144492e+00
1.668517e+02 	 2.982913e-01 	 2.689622e-01 	  2.396330e-01 	 2.127880e+00
1.501708e+02 	 2.931988e-01 	 2.640448e-01 	  2.348908e-01 	 2.101525e+00
1.351575e+02 	 2.871745e-01 	 2.581636e-01 	  2.291527e-01 	 2.064853e+00
1.216452e+02 	 2.800802e-01 	 2.511873e-01 	  2.222944e-01 	 2.017258e+00
1.094837e+02 	 2.717925e-01 	 2.429989e-01 	  2.142053e-01 	 1.958229e+00
9.853815e+01 	 2.622257e-01 	 2.335193e-01 	  2.048129e-01 	 1.887552e+00
8.868683e+01 	 2.513663e-01 	 2.227421e-01 	  1.941180e-01 	 1.805613e+00
7.982040e+01 	 2.393215e-01 	 2.107832e-01 	  1.822449e-01 	 1.713812e+00
7.184038e+01 	 2.263793e-01 	 1.979414e-01 	  1.695035e-01 	 1.615081e+00
6.465817e+01 	 2.130665e-01 	 1.847578e-01 	  1.564491e-01 	 1.514391e+00
5.819399e+01 	 2.001634e-01 	 1.720316e-01 	  1.438998e-01 	 1.418946e+00
5.237607e+01 	 1.885963e-01 	 1.607137e-01 	  1.328311e-01 	 1.337441e+00
4.713979e+01 	 1.791161e-01 	 1.515854e-01 	  1.240547e-01 	 1.277603e+00
4.242700e+01 	 1.717899e-01 	 1.447490e-01 	  1.177081e-01 	 1.242082e+00
3.818538e+01 	 1.656290e-01 	 1.392514e-01 	  1.128739e-01 	 1.224954e+00
3.436781e+01 	 1.588378e-01 	 1.333258e-01 	  1.078137e-01 	 1.212618e+00
3.093190e+01 	 1.498287e-01 	 1.253963e-01 	  1.009639e-01 	 1.190896e+00
2.783950e+01 	 1.385204e-01 	 1.153672e-01 	  9.221401e-02 	 1.156183e+00
2.505625e+01 	 1.267805e-01 	 1.050607e-01 	  8.334085e-02 	 1.122377e+00
2.255126e+01 	 1.165009e-01 	 9.629605e-02 	  7.609119e-02 	 1.105880e+00
2.029671e+01 	 1.064654e-01 	 8.776822e-02 	  6.907109e-02 	 1.089224e+00
1.826755e+01 	 9.393850e-02 	 7.664839e-02 	  5.935828e-02 	 1.028633e+00
1.644126e+01 	 8.036451e-02 	 6.429008e-02 	  4.821565e-02 	 9.280333e-01
1.479755e+01 	 6.871452e-02 	 5.357706e-02 	  3.843961e-02 	 8.212607e-01
1.331817e+01 	 5.609057e-02 	 4.152405e-02 	  2.695754e-02 	 6.614532e-01
1.198669e+01 	 4.403809e-02 	 2.959320e-02 	  1.514832e-02 	 4.753713e-01
1.078833e+01 	 3.541385e-02 	 2.059937e-02 	  5.784882e-03 	 3.226431e-01
9.709767e+00 	 2.784592e-02 	 1.229109e-02 	  0.000000e+00 	 1.833496e-01
8.739037e+00 	 2.381369e-02 	 7.619814e-03 	  0.000000e+00 	 1.091814e-01
7.865355e+00 	 2.075984e-02 	 4.661367e-03 	  0.000000e+00 	 6.718676e-02
7.079019e+00 	 1.867815e-02 	 3.301279e-03 	  0.000000e+00 	 4.981605e-02
6.371296e+00 	 1.884631e-02 	 3.956765e-03 	  0.000000e+00 	 6.166148e-02
5.734328e+00 	 1.982124e-02 	 4.777826e-03 	  0.000000e+00 	 7.369517e-02
5.161041e+00 	 1.876143e-02 	 3.426950e-03 	  0.000000e+00 	 5.185539e-02
4.645068e+00 	 1.621085e-02 	 4.710701e-04 	  0.000000e+00 	 6.944518e-03
4.180679e+00 	 1.926388e-02 	 2.203290e-03 	  0.000000e+00 	 2.996628e-02
3.762717e+00 	 1.983867e-02 	 3.131269e-03 	  0.000000e+00 	 4.348771e-02
3.386540e+00 	 1.805217e-02 	 2.532700e-03 	  0.000000e+00 	 3.786710e-02
3.047972e+00 	 1.749511e-02 	 1.071969e-03 	  0.000000e+00 	 1.514541e-02
2.743252e+00 	 1.678014e-02 	 1.520217e-03 	  0.000000e+00 	 2.311577e-02
2.468997e+00 	 1.756747e-02 	 1.630860e-03 	  0.000000e+00 	 2.374521e-02
2.222160e+00 	 1.644027e-02 	 2.682449e-04 	  0.000000e+00 	 3.848771e-03
2.000000e+00 	 1.644027e-02 	 2.682449e-04 	  0.000000e+00 	 0.000000e+00
 
AI-2021~FI-2005  
  FreqPeriod(min) 	 Unc_UB 	 Bode 	 Unc_LB 	 S/N_Ratio
1.000000e+03 	 2.229731e-01 	 1.892131e-01 	  1.554531e-01 	 8.474540e-01
9.000254e+02 	 2.228652e-01 	 1.891052e-01 	  1.553452e-01 	 9.006096e-01
8.100456e+02 	 2.227321e-01 	 1.889721e-01 	  1.552121e-01 	 9.525210e-01
7.290616e+02 	 2.225679e-01 	 1.888079e-01 	  1.550479e-01 	 1.002255e+00
6.561739e+02 	 2.223654e-01 	 1.886055e-01 	  1.548455e-01 	 1.048940e+00
5.905732e+02 	 2.221159e-01 	 1.883559e-01 	  1.545959e-01 	 1.091817e+00
5.315308e+02 	 2.218083e-01 	 1.880483e-01 	  1.542883e-01 	 1.130275e+00
4.783912e+02 	 2.214294e-01 	 1.876694e-01 	  1.539094e-01 	 1.163859e+00
4.305642e+02 	 2.209628e-01 	 1.872028e-01 	  1.534428e-01 	 1.192265e+00
3.875187e+02 	 2.203887e-01 	 1.866287e-01 	  1.528687e-01 	 1.215315e+00
3.487767e+02 	 2.196827e-01 	 1.859227e-01 	  1.521627e-01 	 1.232915e+00
3.139079e+02 	 2.188154e-01 	 1.850554e-01 	  1.512954e-01 	 1.245016e+00
2.825250e+02 	 2.177511e-01 	 1.839911e-01 	  1.502311e-01 	 1.251565e+00
2.542797e+02 	 2.164471e-01 	 1.826871e-01 	  1.489271e-01 	 1.252474e+00
2.288582e+02 	 2.148520e-01 	 1.810920e-01 	  1.473320e-01 	 1.247585e+00
2.059782e+02 	 2.129053e-01 	 1.791453e-01 	  1.453853e-01 	 1.236656e+00
1.853856e+02 	 2.105359e-01 	 1.767759e-01 	  1.430159e-01 	 1.219350e+00
1.668517e+02 	 2.076621e-01 	 1.739021e-01 	  1.401421e-01 	 1.195246e+00
1.501708e+02 	 2.044095e-01 	 1.704311e-01 	  1.364528e-01 	 1.163864e+00
1.351575e+02 	 2.005627e-01 	 1.662617e-01 	  1.319606e-01 	 1.124709e+00
1.216452e+02 	 1.960245e-01 	 1.612869e-01 	  1.265493e-01 	 1.077345e+00
1.094837e+02 	 1.907020e-01 	 1.554020e-01 	  1.201020e-01 	 1.021497e+00
9.853815e+01 	 1.845190e-01 	 1.485161e-01 	  1.125132e-01 	 9.571756e-01
8.868683e+01 	 1.774337e-01 	 1.405711e-01 	  1.037085e-01 	 8.848409e-01
7.982040e+01 	 1.694655e-01 	 1.315685e-01 	  9.367155e-02 	 8.055689e-01
7.184038e+01 	 1.607295e-01 	 1.216054e-01 	  8.248127e-02 	 7.212128e-01
6.465817e+01 	 1.514759e-01 	 1.109145e-01 	  7.035305e-02 	 6.344978e-01
5.819399e+01 	 1.421193e-01 	 9.989526e-02 	  5.767126e-02 	 5.489599e-01
5.237607e+01 	 1.332241e-01 	 8.910132e-02 	  4.497854e-02 	 4.685721e-01
4.713979e+01 	 1.253885e-01 	 7.912611e-02 	  3.286367e-02 	 3.968683e-01
4.242700e+01 	 1.189790e-01 	 7.034022e-02 	  2.170147e-02 	 3.355648e-01
3.818538e+01 	 1.138050e-01 	 6.256945e-02 	  1.133392e-02 	 2.833650e-01
3.436781e+01 	 1.090578e-01 	 5.503696e-02 	  1.016143e-03 	 2.364005e-01
3.093190e+01 	 1.038235e-01 	 4.688171e-02 	  0.000000e+00 	 1.910415e-01
2.783950e+01 	 9.801950e-02 	 3.810203e-02 	  0.000000e+00 	 1.475536e-01
2.505625e+01 	 9.300275e-02 	 3.017426e-02 	  0.000000e+00 	 1.114385e-01
2.255126e+01 	 9.036153e-02 	 2.486047e-02 	  0.000000e+00 	 8.806759e-02
2.029671e+01 	 8.891822e-02 	 2.123273e-02 	  0.000000e+00 	 7.278893e-02
1.826755e+01 	 8.622773e-02 	 1.719603e-02 	  0.000000e+00 	 5.780092e-02
1.644126e+01 	 8.312141e-02 	 1.404512e-02 	  0.000000e+00 	 4.717931e-02
1.479755e+01 	 7.948436e-02 	 1.220833e-02 	  0.000000e+00 	 4.210667e-02
1.331817e+01 	 7.256048e-02 	 9.423560e-03 	  0.000000e+00 	 3.463273e-02
1.198669e+01 	 6.430771e-02 	 7.859749e-03 	  0.000000e+00 	 3.230840e-02
1.078833e+01 	 5.342055e-02 	 5.919471e-03 	  0.000000e+00 	 2.891576e-02
9.709767e+00 	 4.202176e-02 	 4.928897e-03 	  0.000000e+00 	 3.083291e-02
8.739037e+00 	 2.995929e-02 	 3.661620e-03 	  0.000000e+00 	 3.230807e-02
7.865355e+00 	 1.927498e-02 	 2.866413e-03 	  0.000000e+00 	 4.053434e-02
7.079019e+00 	 1.209744e-02 	 2.388664e-03 	  0.000000e+00 	 5.708810e-02
6.371296e+00 	 9.830902e-03 	 1.752153e-03 	  0.000000e+00 	 5.032492e-02
5.734328e+00 	 7.621797e-03 	 1.012610e-03 	  0.000000e+00 	 3.555078e-02
5.161041e+00 	 4.894442e-03 	 5.564201e-04 	  0.000000e+00 	 2.976227e-02
4.645068e+00 	 4.329075e-03 	 1.021398e-04 	  0.000000e+00 	 5.606924e-03
4.180679e+00 	 4.402521e-03 	 7.080954e-04 	  0.000000e+00 	 4.447336e-02
3.762717e+00 	 4.778390e-03 	 7.649108e-04 	  0.000000e+00 	 4.422266e-02
3.386540e+00 	 4.412961e-03 	 4.871475e-04 	  0.000000e+00 	 2.879294e-02
3.047972e+00 	 6.789856e-03 	 4.997950e-04 	  0.000000e+00 	 1.843708e-02
2.743252e+00 	 1.231220e-02 	 4.140829e-04 	  0.000000e+00 	 8.075401e-03
2.468997e+00 	 3.485226e-02 	 5.122846e-04 	  0.000000e+00 	 3.461516e-03
2.222160e+00 	 4.600342e-02 	 4.228222e-04 	  0.000000e+00 	 2.152449e-03
2.000000e+00 	 4.600342e-02 	 4.228222e-04 	  0.000000e+00 	 0.000000e+00
 
AI-2021~FIC-2001  
  FreqPeriod(min) 	 Unc_UB 	 Bode 	 Unc_LB 	 S/N_Ratio
1.000000e+03 	 2.591666e-01 	 2.241799e-01 	  1.891932e-01 	 8.709067e-01
9.000254e+02 	 2.590281e-01 	 2.240413e-01 	  1.890546e-01 	 9.300794e-01
8.100456e+02 	 2.588570e-01 	 2.238703e-01 	  1.888836e-01 	 9.888276e-01
7.290616e+02 	 2.586460e-01 	 2.236593e-01 	  1.886725e-01 	 1.046133e+00
6.561739e+02 	 2.583857e-01 	 2.233989e-01 	  1.884122e-01 	 1.100992e+00
5.905732e+02 	 2.580645e-01 	 2.230778e-01 	  1.880911e-01 	 1.152479e+00
5.315308e+02 	 2.576685e-01 	 2.226817e-01 	  1.876950e-01 	 1.199796e+00
4.783912e+02 	 2.571801e-01 	 2.221934e-01 	  1.872066e-01 	 1.242312e+00
4.305642e+02 	 2.565781e-01 	 2.215914e-01 	  1.866047e-01 	 1.279571e+00
3.875187e+02 	 2.558363e-01 	 2.208496e-01 	  1.858629e-01 	 1.311284e+00
3.487767e+02 	 2.549226e-01 	 2.199359e-01 	  1.849492e-01 	 1.337299e+00
3.139079e+02 	 2.537978e-01 	 2.188111e-01 	  1.838244e-01 	 1.357551e+00
2.825250e+02 	 2.524140e-01 	 2.174273e-01 	  1.824405e-01 	 1.372020e+00
2.542797e+02 	 2.507130e-01 	 2.157262e-01 	  1.807395e-01 	 1.380673e+00
2.288582e+02 	 2.486241e-01 	 2.136373e-01 	  1.786506e-01 	 1.383419e+00
2.059782e+02 	 2.460621e-01 	 2.110753e-01 	  1.760886e-01 	 1.380072e+00
1.853856e+02 	 2.429248e-01 	 2.079381e-01 	  1.729514e-01 	 1.370307e+00
1.668517e+02 	 2.390906e-01 	 2.041039e-01 	  1.691172e-01 	 1.353639e+00
1.501708e+02 	 2.342381e-01 	 1.994293e-01 	  1.646206e-01 	 1.329400e+00
1.351575e+02 	 2.284167e-01 	 1.937475e-01 	  1.590783e-01 	 1.296723e+00
1.216452e+02 	 2.214302e-01 	 1.868679e-01 	  1.523056e-01 	 1.254549e+00
1.094837e+02 	 2.130615e-01 	 1.785781e-01 	  1.440947e-01 	 1.201636e+00
9.853815e+01 	 2.030791e-01 	 1.686500e-01 	  1.342209e-01 	 1.136620e+00
8.868683e+01 	 1.912488e-01 	 1.568519e-01 	  1.224550e-01 	 1.058097e+00
7.982040e+01 	 1.773559e-01 	 1.429709e-01 	  1.085860e-01 	 9.647930e-01
7.184038e+01 	 1.612406e-01 	 1.268483e-01 	  9.245597e-02 	 8.558121e-01
6.465817e+01 	 1.428524e-01 	 1.084341e-01 	  7.401567e-02 	 7.310217e-01
5.819399e+01 	 1.223280e-01 	 8.786477e-02 	  5.340158e-02 	 5.915813e-01
5.237607e+01 	 1.000928e-01 	 6.556591e-02 	  3.103902e-02 	 4.406316e-01
4.713979e+01 	 7.698966e-02 	 4.237989e-02 	  7.770128e-03 	 2.841295e-01
4.242700e+01 	 5.448734e-02 	 1.977554e-02 	  0.000000e+00 	 1.321924e-01
3.818538e+01 	 3.978619e-02 	 4.953855e-03 	  0.000000e+00 	 3.300014e-02
3.436781e+01 	 5.343786e-02 	 1.846839e-02 	  0.000000e+00 	 1.225448e-01
3.093190e+01 	 6.322641e-02 	 2.810715e-02 	  0.000000e+00 	 1.857062e-01
2.783950e+01 	 6.553822e-02 	 3.026365e-02 	  0.000000e+00 	 1.990740e-01
2.505625e+01 	 6.111932e-02 	 2.569583e-02 	  0.000000e+00 	 1.683164e-01
2.255126e+01 	 5.351811e-02 	 1.797085e-02 	  0.000000e+00 	 1.173052e-01
2.029671e+01 	 4.713919e-02 	 1.152110e-02 	  0.000000e+00 	 7.505480e-02
1.826755e+01 	 4.200515e-02 	 6.407308e-03 	  0.000000e+00 	 4.176447e-02
1.644126e+01 	 3.949813e-02 	 4.056806e-03 	  0.000000e+00 	 2.656008e-02
1.479755e+01 	 4.006242e-02 	 4.952054e-03 	  0.000000e+00 	 3.272692e-02
1.331817e+01 	 3.904912e-02 	 4.443808e-03 	  0.000000e+00 	 2.979666e-02
1.198669e+01 	 4.392360e-02 	 9.915616e-03 	  0.000000e+00 	 6.765407e-02
1.078833e+01 	 4.061182e-02 	 7.105562e-03 	  0.000000e+00 	 4.920708e-02
9.709767e+00 	 4.422650e-02 	 1.085823e-02 	  0.000000e+00 	 7.550585e-02
8.739037e+00 	 4.514655e-02 	 1.126859e-02 	  0.000000e+00 	 7.718049e-02
7.865355e+00 	 4.560692e-02 	 1.037429e-02 	  0.000000e+00 	 6.832323e-02
7.079019e+00 	 4.661653e-02 	 9.434348e-03 	  0.000000e+00 	 5.887515e-02
6.371296e+00 	 4.665735e-02 	 8.393899e-03 	  0.000000e+00 	 5.090198e-02
5.734328e+00 	 4.555962e-02 	 8.623720e-03 	  0.000000e+00 	 5.417526e-02
5.161041e+00 	 4.341938e-02 	 8.569117e-03 	  0.000000e+00 	 5.705386e-02
4.645068e+00 	 3.916682e-02 	 4.586140e-03 	  0.000000e+00 	 3.077293e-02
4.180679e+00 	 3.853143e-02 	 2.599200e-03 	  0.000000e+00 	 1.678458e-02
3.762717e+00 	 3.925946e-02 	 3.657721e-03 	  0.000000e+00 	 2.383935e-02
3.386540e+00 	 3.762646e-02 	 3.215405e-03 	  0.000000e+00 	 2.168167e-02
3.047972e+00 	 3.760365e-02 	 2.956403e-03 	  0.000000e+00 	 1.979931e-02
2.743252e+00 	 3.735277e-02 	 2.698661e-03 	  0.000000e+00 	 1.806961e-02
2.468997e+00 	 3.682540e-02 	 3.797142e-03 	  0.000000e+00 	 2.667634e-02
2.222160e+00 	 3.791673e-02 	 3.019321e-03 	  0.000000e+00 	 2.007572e-02
2.000000e+00 	 3.791673e-02 	 3.019321e-03 	  0.000000e+00 	 0.000000e+00
 
AI-2021~FIC-2002  
  FreqPeriod(min) 	 Unc_UB 	 Bode 	 Unc_LB 	 S/N_Ratio
1.000000e+03 	 4.606854e-01 	 4.066483e-01 	  3.526113e-01 	 9.279966e-01
9.000254e+02 	 4.604283e-01 	 4.063912e-01 	  3.523542e-01 	 9.975931e-01
8.100456e+02 	 4.601111e-01 	 4.060741e-01 	  3.520370e-01 	 1.068150e+00
7.290616e+02 	 4.597199e-01 	 4.056828e-01 	  3.516458e-01 	 1.138539e+00
6.561739e+02 	 4.592374e-01 	 4.052003e-01 	  3.511632e-01 	 1.207544e+00
5.905732e+02 	 4.586424e-01 	 4.046053e-01 	  3.505682e-01 	 1.273932e+00
5.315308e+02 	 4.579089e-01 	 4.038718e-01 	  3.498347e-01 	 1.336524e+00
4.783912e+02 	 4.570050e-01 	 4.029679e-01 	  3.489308e-01 	 1.394265e+00
4.305642e+02 	 4.558915e-01 	 4.018544e-01 	  3.478174e-01 	 1.446274e+00
3.875187e+02 	 4.545206e-01 	 4.004836e-01 	  3.464465e-01 	 1.491867e+00
3.487767e+02 	 4.528338e-01 	 3.987968e-01 	  3.447597e-01 	 1.530556e+00
3.139079e+02 	 4.507600e-01 	 3.967229e-01 	  3.426859e-01 	 1.562019e+00
2.825250e+02 	 4.482127e-01 	 3.941757e-01 	  3.401386e-01 	 1.586050e+00
2.542797e+02 	 4.450877e-01 	 3.910506e-01 	  3.370135e-01 	 1.602500e+00
2.288582e+02 	 4.412594e-01 	 3.872223e-01 	  3.331853e-01 	 1.611219e+00
2.059782e+02 	 4.365782e-01 	 3.825411e-01 	  3.285041e-01 	 1.611994e+00
1.853856e+02 	 4.308670e-01 	 3.768299e-01 	  3.227928e-01 	 1.604503e+00
1.668517e+02 	 4.239185e-01 	 3.698815e-01 	  3.158444e-01 	 1.588276e+00
1.501708e+02 	 4.151287e-01 	 3.614572e-01 	  3.077857e-01 	 1.562673e+00
1.351575e+02 	 4.046719e-01 	 3.512876e-01 	  2.979034e-01 	 1.526879e+00
1.216452e+02 	 3.922408e-01 	 3.390772e-01 	  2.859135e-01 	 1.479923e+00
1.094837e+02 	 3.775148e-01 	 3.245145e-01 	  2.715142e-01 	 1.420727e+00
9.853815e+01 	 3.601795e-01 	 3.072922e-01 	  2.544050e-01 	 1.348204e+00
8.868683e+01 	 3.399588e-01 	 2.871396e-01 	  2.343204e-01 	 1.261411e+00
7.982040e+01 	 3.166650e-01 	 2.638726e-01 	  2.110802e-01 	 1.159786e+00
7.184038e+01 	 2.902713e-01 	 2.374666e-01 	  1.846620e-01 	 1.043483e+00
6.465817e+01 	 2.610104e-01 	 2.081559e-01 	  1.553013e-01 	 9.138212e-01
5.819399e+01 	 2.295013e-01 	 1.765596e-01 	  1.236179e-01 	 7.738352e-01
5.237607e+01 	 1.968989e-01 	 1.438330e-01 	  9.076701e-02 	 6.289231e-01
4.713979e+01 	 1.650613e-01 	 1.118342e-01 	  5.860699e-02 	 4.875242e-01
4.242700e+01 	 1.367044e-01 	 8.327987e-02 	  2.985533e-02 	 3.617048e-01
3.818538e+01 	 1.153234e-01 	 6.166764e-02 	  8.011901e-03 	 2.666835e-01
3.436781e+01 	 1.036884e-01 	 4.977263e-02 	  0.000000e+00 	 2.142050e-01
3.093190e+01 	 1.000278e-01 	 4.583204e-02 	  0.000000e+00 	 1.962269e-01
2.783950e+01 	 9.841995e-02 	 4.393919e-02 	  0.000000e+00 	 1.871389e-01
2.505625e+01 	 9.418720e-02 	 3.943982e-02 	  0.000000e+00 	 1.671578e-01
2.255126e+01 	 8.494405e-02 	 2.998298e-02 	  0.000000e+00 	 1.265828e-01
2.029671e+01 	 7.040663e-02 	 1.533335e-02 	  0.000000e+00 	 6.460276e-02
1.826755e+01 	 6.615919e-02 	 1.113792e-02 	  0.000000e+00 	 4.697085e-02
1.644126e+01 	 8.170360e-02 	 2.696776e-02 	  0.000000e+00 	 1.143216e-01
1.479755e+01 	 9.068103e-02 	 3.651434e-02 	  0.000000e+00 	 1.564178e-01
1.331817e+01 	 8.981930e-02 	 3.648625e-02 	  0.000000e+00 	 1.587406e-01
1.198669e+01 	 7.923430e-02 	 2.684872e-02 	  0.000000e+00 	 1.189232e-01
1.078833e+01 	 6.312228e-02 	 1.149229e-02 	  0.000000e+00 	 5.164870e-02
9.709767e+00 	 5.988677e-02 	 8.416729e-03 	  0.000000e+00 	 3.794407e-02
8.739037e+00 	 6.854866e-02 	 1.624263e-02 	  0.000000e+00 	 7.205424e-02
7.865355e+00 	 7.269932e-02 	 1.829996e-02 	  0.000000e+00 	 7.805695e-02
7.079019e+00 	 7.485546e-02 	 1.749563e-02 	  0.000000e+00 	 7.077452e-02
6.371296e+00 	 7.354978e-02 	 1.454864e-02 	  0.000000e+00 	 5.721594e-02
5.734328e+00 	 6.794059e-02 	 1.094088e-02 	  0.000000e+00 	 4.453840e-02
5.161041e+00 	 6.156521e-02 	 7.761813e-03 	  0.000000e+00 	 3.347408e-02
4.645068e+00 	 6.058795e-02 	 7.249856e-03 	  0.000000e+00 	 3.153893e-02
4.180679e+00 	 5.797155e-02 	 2.532226e-03 	  0.000000e+00 	 1.059838e-02
3.762717e+00 	 6.060830e-02 	 5.654022e-03 	  0.000000e+00 	 2.387323e-02
3.386540e+00 	 5.513582e-02 	 2.063417e-03 	  0.000000e+00 	 9.021387e-03
3.047972e+00 	 6.090885e-02 	 7.427207e-03 	  0.000000e+00 	 3.222373e-02
2.743252e+00 	 5.957969e-02 	 6.134209e-03 	  0.000000e+00 	 2.663193e-02
2.468997e+00 	 5.554691e-02 	 4.517770e-03 	  0.000000e+00 	 2.054286e-02
2.222160e+00 	 5.578628e-02 	 2.133771e-03 	  0.000000e+00 	 9.228113e-03
2.000000e+00 	 5.578628e-02 	 2.133771e-03 	  0.000000e+00 	 0.000000e+00
 
AI-2021~FIC-2004  
  FreqPeriod(min) 	 Unc_UB 	 Bode 	 Unc_LB 	 S/N_Ratio
1.000000e+03 	 2.973761e-01 	 2.650013e-01 	  2.326266e-01 	 1.545886e+00
9.000254e+02 	 2.971658e-01 	 2.647911e-01 	  2.324164e-01 	 1.596089e+00
8.100456e+02 	 2.969065e-01 	 2.645318e-01 	  2.321571e-01 	 1.640837e+00
7.290616e+02 	 2.965868e-01 	 2.642120e-01 	  2.318373e-01 	 1.679940e+00
6.561739e+02 	 2.961925e-01 	 2.638178e-01 	  2.314431e-01 	 1.713394e+00
5.905732e+02 	 2.957067e-01 	 2.633319e-01 	  2.309572e-01 	 1.741333e+00
5.315308e+02 	 2.951081e-01 	 2.627334e-01 	  2.303586e-01 	 1.763975e+00
4.783912e+02 	 2.943710e-01 	 2.619963e-01 	  2.296215e-01 	 1.781568e+00
4.305642e+02 	 2.934639e-01 	 2.610891e-01 	  2.287144e-01 	 1.794349e+00
3.875187e+02 	 2.923483e-01 	 2.599735e-01 	  2.275988e-01 	 1.802504e+00
3.487767e+02 	 2.909776e-01 	 2.586029e-01 	  2.262282e-01 	 1.806136e+00
3.139079e+02 	 2.892955e-01 	 2.569207e-01 	  2.245460e-01 	 1.805245e+00
2.825250e+02 	 2.872339e-01 	 2.548591e-01 	  2.224844e-01 	 1.799706e+00
2.542797e+02 	 2.847116e-01 	 2.523369e-01 	  2.199621e-01 	 1.789253e+00
2.288582e+02 	 2.816324e-01 	 2.492577e-01 	  2.168830e-01 	 1.773472e+00
2.059782e+02 	 2.778835e-01 	 2.455087e-01 	  2.131340e-01 	 1.751788e+00
1.853856e+02 	 2.733343e-01 	 2.409596e-01 	  2.085848e-01 	 1.723464e+00
1.668517e+02 	 2.678374e-01 	 2.354626e-01 	  2.030879e-01 	 1.687605e+00
1.501708e+02 	 2.611725e-01 	 2.288555e-01 	  1.965385e-01 	 1.643181e+00
1.351575e+02 	 2.532326e-01 	 2.209671e-01 	  1.887015e-01 	 1.589071e+00
1.216452e+02 	 2.438472e-01 	 2.116289e-01 	  1.794105e-01 	 1.524148e+00
1.094837e+02 	 2.328682e-01 	 2.006949e-01 	  1.685216e-01 	 1.447423e+00
9.853815e+01 	 2.202025e-01 	 1.880735e-01 	  1.559446e-01 	 1.358272e+00
8.868683e+01 	 2.058588e-01 	 1.737753e-01 	  1.416918e-01 	 1.256785e+00
7.982040e+01 	 1.900165e-01 	 1.579807e-01 	  1.259450e-01 	 1.144260e+00
7.184038e+01 	 1.731119e-01 	 1.411276e-01 	  1.091433e-01 	 1.023835e+00
6.465817e+01 	 1.559288e-01 	 1.240005e-01 	  9.207222e-02 	 9.011620e-01
5.819399e+01 	 1.396305e-01 	 1.077634e-01 	  7.589640e-02 	 7.846660e-01
5.237607e+01 	 1.255815e-01 	 9.378101e-02 	  6.198055e-02 	 6.842845e-01
4.713979e+01 	 1.147451e-01 	 8.301586e-02 	  5.128660e-02 	 6.070943e-01
4.242700e+01 	 1.067866e-01 	 7.513126e-02 	  4.347595e-02 	 5.507178e-01
3.818538e+01 	 9.985054e-02 	 6.826861e-02 	  3.668667e-02 	 5.015767e-01
3.436781e+01 	 9.180520e-02 	 6.029093e-02 	  2.877666e-02 	 4.439150e-01
3.093190e+01 	 8.209808e-02 	 5.063867e-02 	  1.917926e-02 	 3.734967e-01
2.783950e+01 	 7.248658e-02 	 4.106059e-02 	  9.634594e-03 	 3.031735e-01
2.505625e+01 	 6.466890e-02 	 3.324604e-02 	  1.823179e-03 	 2.454987e-01
2.255126e+01 	 5.642343e-02 	 2.496745e-02 	  0.000000e+00 	 1.841730e-01
2.029671e+01 	 4.633563e-02 	 1.481267e-02 	  0.000000e+00 	 1.090338e-01
1.826755e+01 	 4.731161e-02 	 1.570660e-02 	  0.000000e+00 	 1.153139e-01
1.644126e+01 	 5.370216e-02 	 2.204350e-02 	  0.000000e+00 	 1.615635e-01
1.479755e+01 	 4.961897e-02 	 1.800348e-02 	  0.000000e+00 	 1.321331e-01
1.331817e+01 	 4.045974e-02 	 9.054823e-03 	  0.000000e+00 	 6.690173e-02
1.198669e+01 	 3.648043e-02 	 5.468101e-03 	  0.000000e+00 	 4.091262e-02
1.078833e+01 	 3.777553e-02 	 7.220361e-03 	  0.000000e+00 	 5.483139e-02
9.709767e+00 	 3.801251e-02 	 7.691573e-03 	  0.000000e+00 	 5.886101e-02
8.739037e+00 	 4.020541e-02 	 9.489491e-03 	  0.000000e+00 	 7.168602e-02
7.865355e+00 	 4.145695e-02 	 9.375626e-03 	  0.000000e+00 	 6.781145e-02
7.079019e+00 	 4.344379e-02 	 9.262797e-03 	  0.000000e+00 	 6.288001e-02
6.371296e+00 	 4.423259e-02 	 8.868360e-03 	  0.000000e+00 	 5.818809e-02
5.734328e+00 	 4.034248e-02 	 6.331336e-03 	  0.000000e+00 	 4.319457e-02
5.161041e+00 	 3.562829e-02 	 3.586858e-03 	  0.000000e+00 	 2.597511e-02
4.645068e+00 	 3.709625e-02 	 5.131023e-03 	  0.000000e+00 	 3.724614e-02
4.180679e+00 	 3.857455e-02 	 5.500082e-03 	  0.000000e+00 	 3.858614e-02
3.762717e+00 	 3.848913e-02 	 5.823101e-03 	  0.000000e+00 	 4.136310e-02
3.386540e+00 	 3.775964e-02 	 5.999723e-03 	  0.000000e+00 	 4.383358e-02
3.047972e+00 	 3.569343e-02 	 3.846307e-03 	  0.000000e+00 	 2.802391e-02
2.743252e+00 	 3.507206e-02 	 3.284787e-03 	  0.000000e+00 	 2.397778e-02
2.468997e+00 	 3.275477e-02 	 3.105045e-03 	  0.000000e+00 	 2.429978e-02
2.222160e+00 	 3.367288e-02 	 2.513162e-03 	  0.000000e+00 	 1.871467e-02
2.000000e+00 	 3.367288e-02 	 2.513162e-03 	  0.000000e+00 	 0.000000e+00
 
AI-2021~TIC-2003  
  FreqPeriod(min) 	 Unc_UB 	 Bode 	 Unc_LB 	 S/N_Ratio
1.000000e+03 	 1.682958e-01 	 1.451338e-01 	  1.219717e-01 	 8.112432e-01
9.000254e+02 	 1.682253e-01 	 1.450632e-01 	  1.219012e-01 	 8.694684e-01
8.100456e+02 	 1.681382e-01 	 1.449762e-01 	  1.218141e-01 	 9.279555e-01
7.290616e+02 	 1.680308e-01 	 1.448687e-01 	  1.217067e-01 	 9.857361e-01
6.561739e+02 	 1.678983e-01 	 1.447362e-01 	  1.215742e-01 	 1.041814e+00
5.905732e+02 	 1.677348e-01 	 1.445728e-01 	  1.214107e-01 	 1.095224e+00
5.315308e+02 	 1.675332e-01 	 1.443712e-01 	  1.212091e-01 	 1.145098e+00
4.783912e+02 	 1.672847e-01 	 1.441227e-01 	  1.209606e-01 	 1.190703e+00
4.305642e+02 	 1.669785e-01 	 1.438164e-01 	  1.206543e-01 	 1.231481e+00
3.875187e+02 	 1.666011e-01 	 1.434390e-01 	  1.202770e-01 	 1.267046e+00
3.487767e+02 	 1.661364e-01 	 1.429743e-01 	  1.198123e-01 	 1.297174e+00
3.139079e+02 	 1.655645e-01 	 1.424024e-01 	  1.192404e-01 	 1.321766e+00
2.825250e+02 	 1.648611e-01 	 1.416991e-01 	  1.185370e-01 	 1.340804e+00
2.542797e+02 	 1.639969e-01 	 1.408348e-01 	  1.176728e-01 	 1.354302e+00
2.288582e+02 	 1.629362e-01 	 1.397741e-01 	  1.166120e-01 	 1.362260e+00
2.059782e+02 	 1.616360e-01 	 1.384740e-01 	  1.153119e-01 	 1.364621e+00
1.853856e+02 	 1.600453e-01 	 1.368833e-01 	  1.137212e-01 	 1.361235e+00
1.668517e+02 	 1.581031e-01 	 1.349411e-01 	  1.117790e-01 	 1.351830e+00
1.501708e+02 	 1.556020e-01 	 1.325762e-01 	  1.095504e-01 	 1.335996e+00
1.351575e+02 	 1.526253e-01 	 1.297063e-01 	  1.067874e-01 	 1.313172e+00
1.216452e+02 	 1.490754e-01 	 1.262384e-01 	  1.034014e-01 	 1.282649e+00
1.094837e+02 	 1.448467e-01 	 1.220703e-01 	  9.929377e-02 	 1.243593e+00
9.853815e+01 	 1.398295e-01 	 1.170947e-01 	  9.435992e-02 	 1.195092e+00
8.868683e+01 	 1.339174e-01 	 1.112075e-01 	  8.849752e-02 	 1.136247e+00
7.982040e+01 	 1.270214e-01 	 1.043208e-01 	  8.162010e-02 	 1.066320e+00
7.184038e+01 	 1.190916e-01 	 9.638554e-02 	  7.367952e-02 	 9.849766e-01
6.465817e+01 	 1.101517e-01 	 8.742604e-02 	  6.470037e-02 	 8.926460e-01
5.819399e+01 	 1.003495e-01 	 7.758998e-02 	  5.483051e-02 	 7.910401e-01
5.237607e+01 	 9.002404e-02 	 6.721652e-02 	  4.440900e-02 	 6.838377e-01
4.713979e+01 	 7.978130e-02 	 5.691142e-02 	  3.404153e-02 	 5.774183e-01
4.242700e+01 	 7.052087e-02 	 4.757445e-02 	  2.462803e-02 	 4.810762e-01
3.818538e+01 	 6.324247e-02 	 4.020601e-02 	  1.716955e-02 	 4.049769e-01
3.436781e+01 	 5.838741e-02 	 3.524905e-02 	  1.211069e-02 	 3.534841e-01
3.093190e+01 	 5.507870e-02 	 3.182975e-02 	  8.580814e-03 	 3.176766e-01
2.783950e+01 	 5.150810e-02 	 2.814542e-02 	  4.782735e-03 	 2.795375e-01
2.505625e+01 	 4.644328e-02 	 2.297260e-02 	  0.000000e+00 	 2.271117e-01
2.255126e+01 	 4.034255e-02 	 1.678324e-02 	  0.000000e+00 	 1.652983e-01
2.029671e+01 	 3.492053e-02 	 1.131166e-02 	  0.000000e+00 	 1.111747e-01
1.826755e+01 	 3.036088e-02 	 6.767784e-03 	  0.000000e+00 	 6.656050e-02
1.644126e+01 	 2.475800e-02 	 1.276200e-03 	  0.000000e+00 	 1.261079e-02
1.479755e+01 	 2.737985e-02 	 4.128808e-03 	  0.000000e+00 	 4.120380e-02
1.331817e+01 	 2.829888e-02 	 5.394343e-03 	  0.000000e+00 	 5.464773e-02
1.198669e+01 	 2.619226e-02 	 3.690656e-03 	  0.000000e+00 	 3.805792e-02
1.078833e+01 	 2.557467e-02 	 3.403813e-03 	  0.000000e+00 	 3.562364e-02
9.709767e+00 	 2.692004e-02 	 4.830680e-03 	  0.000000e+00 	 5.074349e-02
8.739037e+00 	 2.768051e-02 	 5.241964e-03 	  0.000000e+00 	 5.420688e-02
7.865355e+00 	 2.788780e-02 	 4.548140e-03 	  0.000000e+00 	 4.521624e-02
7.079019e+00 	 2.691988e-02 	 2.296841e-03 	  0.000000e+00 	 2.164433e-02
6.371296e+00 	 2.828879e-02 	 2.957390e-03 	  0.000000e+00 	 2.708972e-02
5.734328e+00 	 2.814344e-02 	 3.683625e-03 	  0.000000e+00 	 3.494439e-02
5.161041e+00 	 2.527638e-02 	 2.190012e-03 	  0.000000e+00 	 2.201131e-02
4.645068e+00 	 2.378826e-02 	 8.892793e-04 	  0.000000e+00 	 9.011086e-03
4.180679e+00 	 2.385038e-02 	 5.724722e-05 	  0.000000e+00 	 5.582875e-04
3.762717e+00 	 2.510779e-02 	 1.523893e-03 	  0.000000e+00 	 1.499318e-02
3.386540e+00 	 2.467210e-02 	 1.888710e-03 	  0.000000e+00 	 1.923544e-02
3.047972e+00 	 2.483663e-02 	 1.889103e-03 	  0.000000e+00 	 1.910182e-02
2.743252e+00 	 2.521957e-02 	 2.273484e-03 	  0.000000e+00 	 2.298996e-02
2.468997e+00 	 2.357663e-02 	 1.700180e-03 	  0.000000e+00 	 1.803322e-02
2.222160e+00 	 2.437162e-02 	 1.375472e-03 	  0.000000e+00 	 1.387880e-02
2.000000e+00 	 2.437162e-02 	 1.375472e-03 	  0.000000e+00 	 0.000000e+00
 
AI-2022~FI-2005  
  FreqPeriod(min) 	 Unc_UB 	 Bode 	 Unc_LB 	 S/N_Ratio
1.000000e+03 	 1.802631e-01 	 1.324142e-01 	  8.456518e-02 	 4.404096e-01
9.000254e+02 	 1.801725e-01 	 1.323235e-01 	  8.447457e-02 	 4.637248e-01
8.100456e+02 	 1.800607e-01 	 1.322118e-01 	  8.436280e-02 	 4.866536e-01
7.290616e+02 	 1.799229e-01 	 1.320739e-01 	  8.422494e-02 	 5.087319e-01
6.561739e+02 	 1.797529e-01 	 1.319039e-01 	  8.405495e-02 	 5.295215e-01
5.905732e+02 	 1.795433e-01 	 1.316944e-01 	  8.384540e-02 	 5.486339e-01
5.315308e+02 	 1.792851e-01 	 1.314361e-01 	  8.358716e-02 	 5.657475e-01
4.783912e+02 	 1.789670e-01 	 1.311180e-01 	  8.326906e-02 	 5.806146e-01
4.305642e+02 	 1.785754e-01 	 1.307264e-01 	  8.287742e-02 	 5.930568e-01
3.875187e+02 	 1.780935e-01 	 1.302445e-01 	  8.239554e-02 	 6.029536e-01
3.487767e+02 	 1.775010e-01 	 1.296521e-01 	  8.180311e-02 	 6.102233e-01
3.139079e+02 	 1.767734e-01 	 1.289244e-01 	  8.107547e-02 	 6.148019e-01
2.825250e+02 	 1.758808e-01 	 1.280318e-01 	  8.018282e-02 	 6.166229e-01
2.542797e+02 	 1.747873e-01 	 1.269384e-01 	  7.908940e-02 	 6.155979e-01
2.288582e+02 	 1.734505e-01 	 1.256015e-01 	  7.775254e-02 	 6.116036e-01
2.059782e+02 	 1.718198e-01 	 1.239708e-01 	  7.612183e-02 	 6.044722e-01
1.853856e+02 	 1.698364e-01 	 1.219874e-01 	  7.413841e-02 	 5.939898e-01
1.668517e+02 	 1.674327e-01 	 1.195837e-01 	  7.173472e-02 	 5.799018e-01
1.501708e+02 	 1.648658e-01 	 1.166838e-01 	  6.850189e-02 	 5.619289e-01
1.351575e+02 	 1.618678e-01 	 1.132054e-01 	  6.454303e-02 	 5.397951e-01
1.216452e+02 	 1.583676e-01 	 1.090631e-01 	  5.975854e-02 	 5.132702e-01
1.094837e+02 	 1.543020e-01 	 1.041756e-01 	  5.404914e-02 	 4.822299e-01
9.853815e+01 	 1.496268e-01 	 9.847736e-02 	  4.732788e-02 	 4.467353e-01
8.868683e+01 	 1.443342e-01 	 9.193661e-02 	  3.953901e-02 	 4.071291e-01
7.982040e+01 	 1.384786e-01 	 8.458233e-02 	  3.068604e-02 	 3.641462e-01
7.184038e+01 	 1.322126e-01 	 7.654147e-02 	  2.087036e-02 	 3.190230e-01
6.465817e+01 	 1.258296e-01 	 6.808412e-02 	  1.033863e-02 	 2.735791e-01
5.819399e+01 	 1.198014e-01 	 5.966348e-02 	  0.000000e+00 	 2.302054e-01
5.237607e+01 	 1.147656e-01 	 5.190748e-02 	  0.000000e+00 	 1.916123e-01
4.713979e+01 	 1.113712e-01 	 4.546836e-02 	  0.000000e+00 	 1.600885e-01
4.242700e+01 	 1.098956e-01 	 4.064610e-02 	  0.000000e+00 	 1.361938e-01
3.818538e+01 	 1.098284e-01 	 3.697845e-02 	  0.000000e+00 	 1.177808e-01
3.436781e+01 	 1.099695e-01 	 3.334668e-02 	  0.000000e+00 	 1.009834e-01
3.093190e+01 	 1.092088e-01 	 2.876237e-02 	  0.000000e+00 	 8.296081e-02
2.783950e+01 	 1.074221e-01 	 2.326860e-02 	  0.000000e+00 	 6.415834e-02
2.505625e+01 	 1.057565e-01 	 1.822682e-02 	  0.000000e+00 	 4.831821e-02
2.255126e+01 	 1.052314e-01 	 1.491242e-02 	  0.000000e+00 	 3.831108e-02
2.029671e+01 	 1.044667e-01 	 1.223051e-02 	  0.000000e+00 	 3.076795e-02
1.826755e+01 	 1.019776e-01 	 8.994610e-03 	  0.000000e+00 	 2.244574e-02
1.644126e+01 	 9.933324e-02 	 7.075878e-03 	  0.000000e+00 	 1.779649e-02
1.479755e+01 	 9.578052e-02 	 6.039698e-03 	  0.000000e+00 	 1.561638e-02
1.331817e+01 	 8.943913e-02 	 4.386090e-03 	  0.000000e+00 	 1.196583e-02
1.198669e+01 	 8.158358e-02 	 3.889141e-03 	  0.000000e+00 	 1.161499e-02
1.078833e+01 	 7.017862e-02 	 3.083391e-03 	  0.000000e+00 	 1.066331e-02
9.709767e+00 	 5.622946e-02 	 3.173821e-03 	  0.000000e+00 	 1.388052e-02
8.739037e+00 	 4.005324e-02 	 3.304395e-03 	  0.000000e+00 	 2.086428e-02
7.865355e+00 	 2.446957e-02 	 3.041792e-03 	  0.000000e+00 	 3.293879e-02
7.079019e+00 	 1.424357e-02 	 2.580990e-03 	  0.000000e+00 	 5.135073e-02
6.371296e+00 	 1.166845e-02 	 2.229422e-03 	  0.000000e+00 	 5.480500e-02
5.734328e+00 	 1.022553e-02 	 1.907683e-03 	  0.000000e+00 	 5.321702e-02
5.161041e+00 	 7.280912e-03 	 1.255777e-03 	  0.000000e+00 	 4.836163e-02
4.645068e+00 	 6.623375e-03 	 5.394187e-04 	  0.000000e+00 	 2.057287e-02
4.180679e+00 	 5.835726e-03 	 5.189668e-04 	  0.000000e+00 	 2.264893e-02
3.762717e+00 	 6.523952e-03 	 8.954868e-04 	  0.000000e+00 	 3.691682e-02
3.386540e+00 	 6.292626e-03 	 9.212363e-04 	  0.000000e+00 	 3.979600e-02
3.047972e+00 	 9.669281e-03 	 8.757467e-04 	  0.000000e+00 	 2.310841e-02
2.743252e+00 	 1.718559e-02 	 7.353538e-04 	  0.000000e+00 	 1.037240e-02
2.468997e+00 	 5.174530e-02 	 7.008592e-04 	  0.000000e+00 	 3.185938e-03
2.222160e+00 	 6.575138e-02 	 6.380536e-04 	  0.000000e+00 	 2.273748e-03
2.000000e+00 	 6.575138e-02 	 6.380536e-04 	  0.000000e+00 	 0.000000e+00
 
AI-2022~FIC-2001  
  FreqPeriod(min) 	 Unc_UB 	 Bode 	 Unc_LB 	 S/N_Ratio
1.000000e+03 	 1.861449e-01 	 1.365573e-01 	  8.696959e-02 	 3.939555e-01
9.000254e+02 	 1.861543e-01 	 1.365666e-01 	  8.697892e-02 	 4.171828e-01
8.100456e+02 	 1.861655e-01 	 1.365779e-01 	  8.699021e-02 	 4.405318e-01
7.290616e+02 	 1.861791e-01 	 1.365915e-01 	  8.700379e-02 	 4.635938e-01
6.561739e+02 	 1.861953e-01 	 1.366077e-01 	  8.702001e-02 	 4.859683e-01
5.905732e+02 	 1.862145e-01 	 1.366269e-01 	  8.703921e-02 	 5.072913e-01
5.315308e+02 	 1.862370e-01 	 1.366493e-01 	  8.706167e-02 	 5.272584e-01
4.783912e+02 	 1.862628e-01 	 1.366752e-01 	  8.708751e-02 	 5.456419e-01
4.305642e+02 	 1.862919e-01 	 1.367042e-01 	  8.711658e-02 	 5.622972e-01
3.875187e+02 	 1.863235e-01 	 1.367358e-01 	  8.714818e-02 	 5.771605e-01
3.487767e+02 	 1.863561e-01 	 1.367684e-01 	  8.718075e-02 	 5.902371e-01
3.139079e+02 	 1.863866e-01 	 1.367990e-01 	  8.721131e-02 	 6.015845e-01
2.825250e+02 	 1.864100e-01 	 1.368223e-01 	  8.723463e-02 	 6.112919e-01
2.542797e+02 	 1.864174e-01 	 1.368297e-01 	  8.724204e-02 	 6.194576e-01
2.288582e+02 	 1.863949e-01 	 1.368073e-01 	  8.721960e-02 	 6.261669e-01
2.059782e+02 	 1.863209e-01 	 1.367332e-01 	  8.714556e-02 	 6.314683e-01
1.853856e+02 	 1.861621e-01 	 1.365745e-01 	  8.698681e-02 	 6.353484e-01
1.668517e+02 	 1.858693e-01 	 1.362816e-01 	  8.669393e-02 	 6.377032e-01
1.501708e+02 	 1.851419e-01 	 1.357824e-01 	  8.642291e-02 	 6.383042e-01
1.351575e+02 	 1.841585e-01 	 1.349738e-01 	  8.578916e-02 	 6.367586e-01
1.216452e+02 	 1.827677e-01 	 1.337119e-01 	  8.465621e-02 	 6.324636e-01
1.094837e+02 	 1.807683e-01 	 1.318014e-01 	  8.283452e-02 	 6.245579e-01
9.853815e+01 	 1.778993e-01 	 1.289856e-01 	  8.007194e-02 	 6.118797e-01
8.868683e+01 	 1.738338e-01 	 1.249410e-01 	  7.604825e-02 	 5.929464e-01
7.982040e+01 	 1.681829e-01 	 1.192813e-01 	  7.037969e-02 	 5.659841e-01
7.184038e+01 	 1.605180e-01 	 1.115799e-01 	  6.264190e-02 	 5.290474e-01
6.465817e+01 	 1.504234e-01 	 1.014235e-01 	  5.242354e-02 	 4.802840e-01
5.819399e+01 	 1.375936e-01 	 8.850909e-02 	  3.942461e-02 	 4.184068e-01
5.237607e+01 	 1.219868e-01 	 7.279910e-02 	  2.361143e-02 	 3.434194e-01
4.713979e+01 	 1.040347e-01 	 5.473158e-02 	  5.428469e-03 	 2.575839e-01
4.242700e+01 	 8.488037e-02 	 3.545939e-02 	  0.000000e+00 	 1.664849e-01
3.818538e+01 	 6.657854e-02 	 1.705172e-02 	  0.000000e+00 	 7.988825e-02
3.436781e+01 	 5.289001e-02 	 3.289530e-03 	  0.000000e+00 	 1.538874e-02
3.093190e+01 	 5.651888e-02 	 6.902920e-03 	  0.000000e+00 	 3.228245e-02
2.783950e+01 	 5.644257e-02 	 6.899778e-03 	  0.000000e+00 	 3.231541e-02
2.505625e+01 	 5.602224e-02 	 6.671926e-03 	  0.000000e+00 	 3.137013e-02
2.255126e+01 	 6.639957e-02 	 1.738370e-02 	  0.000000e+00 	 8.229256e-02
2.029671e+01 	 7.364411e-02 	 2.510673e-02 	  0.000000e+00 	 1.200243e-01
1.826755e+01 	 7.060260e-02 	 2.265370e-02 	  0.000000e+00 	 1.096265e-01
1.644126e+01 	 6.110326e-02 	 1.376831e-02 	  0.000000e+00 	 6.749222e-02
1.479755e+01 	 5.792435e-02 	 1.108995e-02 	  0.000000e+00 	 5.494391e-02
1.331817e+01 	 5.599754e-02 	 9.380024e-03 	  0.000000e+00 	 4.668849e-02
1.198669e+01 	 5.306801e-02 	 6.259749e-03 	  0.000000e+00 	 3.103055e-02
1.078833e+01 	 4.840128e-02 	 1.073718e-03 	  0.000000e+00 	 5.264184e-03
9.709767e+00 	 5.032027e-02 	 2.592089e-03 	  0.000000e+00 	 1.260173e-02
8.739037e+00 	 5.937363e-02 	 1.203195e-02 	  0.000000e+00 	 5.897221e-02
7.865355e+00 	 5.664845e-02 	 1.063853e-02 	  0.000000e+00 	 5.365193e-02
7.079019e+00 	 5.321739e-02 	 8.552616e-03 	  0.000000e+00 	 4.443128e-02
6.371296e+00 	 5.460610e-02 	 9.899952e-03 	  0.000000e+00 	 5.138317e-02
5.734328e+00 	 5.394992e-02 	 7.465069e-03 	  0.000000e+00 	 3.726297e-02
5.161041e+00 	 5.362279e-02 	 5.218808e-03 	  0.000000e+00 	 2.501758e-02
4.645068e+00 	 5.487432e-02 	 5.101291e-03 	  0.000000e+00 	 2.378160e-02
4.180679e+00 	 5.732728e-02 	 5.616121e-03 	  0.000000e+00 	 2.520039e-02
3.762717e+00 	 5.697704e-02 	 7.049494e-03 	  0.000000e+00 	 3.276218e-02
3.386540e+00 	 5.314208e-02 	 6.060061e-03 	  0.000000e+00 	 2.986599e-02
3.047972e+00 	 5.357402e-02 	 5.137013e-03 	  0.000000e+00 	 2.460868e-02
2.743252e+00 	 5.141058e-02 	 3.498100e-03 	  0.000000e+00 	 1.694098e-02
2.468997e+00 	 5.113743e-02 	 2.042783e-03 	  0.000000e+00 	 9.654798e-03
2.222160e+00 	 5.280821e-02 	 2.956161e-03 	  0.000000e+00 	 1.375942e-02
2.000000e+00 	 5.280821e-02 	 2.956161e-03 	  0.000000e+00 	 0.000000e+00
 
AI-2022~FIC-2002  
  FreqPeriod(min) 	 Unc_UB 	 Bode 	 Unc_LB 	 S/N_Ratio
1.000000e+03 	 3.667661e-01 	 2.901779e-01 	  2.135897e-01 	 4.917554e-01
9.000254e+02 	 3.666581e-01 	 2.900699e-01 	  2.134817e-01 	 5.239644e-01
8.100456e+02 	 3.665249e-01 	 2.899367e-01 	  2.133485e-01 	 5.569332e-01
7.290616e+02 	 3.663606e-01 	 2.897724e-01 	  2.131842e-01 	 5.901091e-01
6.561739e+02 	 3.661580e-01 	 2.895698e-01 	  2.129815e-01 	 6.228967e-01
5.905732e+02 	 3.659081e-01 	 2.893199e-01 	  2.127317e-01 	 6.546926e-01
5.315308e+02 	 3.656001e-01 	 2.890119e-01 	  2.124237e-01 	 6.849233e-01
4.783912e+02 	 3.652205e-01 	 2.886323e-01 	  2.120441e-01 	 7.130803e-01
4.305642e+02 	 3.647530e-01 	 2.881648e-01 	  2.115766e-01 	 7.387461e-01
3.875187e+02 	 3.641774e-01 	 2.875892e-01 	  2.110010e-01 	 7.616088e-01
3.487767e+02 	 3.634694e-01 	 2.868811e-01 	  2.102929e-01 	 7.814623e-01
3.139079e+02 	 3.625990e-01 	 2.860108e-01 	  2.094226e-01 	 7.981936e-01
2.825250e+02 	 3.615302e-01 	 2.849420e-01 	  2.083538e-01 	 8.117620e-01
2.542797e+02 	 3.602197e-01 	 2.836315e-01 	  2.070432e-01 	 8.221724e-01
2.288582e+02 	 3.586153e-01 	 2.820271e-01 	  2.054389e-01 	 8.294481e-01
2.059782e+02 	 3.566555e-01 	 2.800673e-01 	  2.034790e-01 	 8.336064e-01
1.853856e+02 	 3.542681e-01 	 2.776799e-01 	  2.010916e-01 	 8.346382e-01
1.668517e+02 	 3.513702e-01 	 2.747820e-01 	  1.981938e-01 	 8.324945e-01
1.501708e+02 	 3.473881e-01 	 2.712808e-01 	  1.951735e-01 	 8.270804e-01
1.351575e+02 	 3.428121e-01 	 2.670766e-01 	  1.913411e-01 	 8.182606e-01
1.216452e+02 	 3.375266e-01 	 2.620692e-01 	  1.866118e-01 	 8.058779e-01
1.094837e+02 	 3.314315e-01 	 2.561704e-01 	  1.809094e-01 	 7.897936e-01
9.853815e+01 	 3.244627e-01 	 2.493255e-01 	  1.741882e-01 	 7.699571e-01
8.868683e+01 	 3.166259e-01 	 2.415471e-01 	  1.664684e-01 	 7.465173e-01
7.982040e+01 	 3.080471e-01 	 2.329668e-01 	  1.578864e-01 	 7.199840e-01
7.184038e+01 	 2.990371e-01 	 2.238995e-01 	  1.487618e-01 	 6.914338e-01
6.465817e+01 	 2.901537e-01 	 2.149070e-01 	  1.396604e-01 	 6.627022e-01
5.819399e+01 	 2.822081e-01 	 2.068055e-01 	  1.314028e-01 	 6.364003e-01
5.237607e+01 	 2.761127e-01 	 2.005140e-01 	  1.249152e-01 	 6.154390e-01
4.713979e+01 	 2.724529e-01 	 1.966285e-01 	  1.208041e-01 	 6.017173e-01
4.242700e+01 	 2.708150e-01 	 1.947517e-01 	  1.186884e-01 	 5.941023e-01
3.818538e+01 	 2.692345e-01 	 1.929433e-01 	  1.166522e-01 	 5.868280e-01
3.436781e+01 	 2.643409e-01 	 1.878670e-01 	  1.113932e-01 	 5.700233e-01
3.093190e+01 	 2.525747e-01 	 1.760077e-01 	  9.944069e-02 	 5.333903e-01
2.783950e+01 	 2.324055e-01 	 1.558878e-01 	  7.937014e-02 	 4.727216e-01
2.505625e+01 	 2.066395e-01 	 1.303681e-01 	  5.409661e-02 	 3.966106e-01
2.255126e+01 	 1.815445e-01 	 1.057591e-01 	  2.997368e-02 	 3.238077e-01
2.029671e+01 	 1.586722e-01 	 8.362288e-02 	  8.573597e-03 	 2.585435e-01
1.826755e+01 	 1.315446e-01 	 5.743308e-02 	  0.000000e+00 	 1.798174e-01
1.644126e+01 	 1.112531e-01 	 3.814862e-02 	  0.000000e+00 	 1.210849e-01
1.479755e+01 	 1.224116e-01 	 5.015763e-02 	  0.000000e+00 	 1.610757e-01
1.331817e+01 	 1.242191e-01 	 5.237304e-02 	  0.000000e+00 	 1.691453e-01
1.198669e+01 	 1.152996e-01 	 4.319661e-02 	  0.000000e+00 	 1.390117e-01
1.078833e+01 	 1.096198e-01 	 3.669249e-02 	  0.000000e+00 	 1.167460e-01
9.709767e+00 	 1.011907e-01 	 2.757067e-02 	  0.000000e+00 	 8.689736e-02
8.739037e+00 	 9.502309e-02 	 2.192968e-02 	  0.000000e+00 	 6.961602e-02
7.865355e+00 	 8.653992e-02 	 1.550038e-02 	  0.000000e+00 	 5.062878e-02
7.079019e+00 	 8.140577e-02 	 1.250278e-02 	  0.000000e+00 	 4.210401e-02
6.371296e+00 	 7.976868e-02 	 1.083308e-02 	  0.000000e+00 	 3.646393e-02
5.734328e+00 	 8.483743e-02 	 1.310173e-02 	  0.000000e+00 	 4.237877e-02
5.161041e+00 	 8.306347e-02 	 8.335247e-03 	  0.000000e+00 	 2.588147e-02
4.645068e+00 	 8.222502e-02 	 5.453869e-03 	  0.000000e+00 	 1.648397e-02
4.180679e+00 	 8.822165e-02 	 8.437239e-03 	  0.000000e+00 	 2.453790e-02
3.762717e+00 	 7.902739e-02 	 1.960037e-03 	  0.000000e+00 	 5.901317e-03
3.386540e+00 	 7.882824e-02 	 6.213323e-03 	  0.000000e+00 	 1.985424e-02
3.047972e+00 	 8.293243e-02 	 8.164838e-03 	  0.000000e+00 	 2.533899e-02
2.743252e+00 	 8.039311e-02 	 6.499831e-03 	  0.000000e+00 	 2.041043e-02
2.468997e+00 	 7.850337e-02 	 2.651417e-03 	  0.000000e+00 	 8.110851e-03
2.222160e+00 	 7.976035e-02 	 3.116040e-03 	  0.000000e+00 	 9.433616e-03
2.000000e+00 	 7.976035e-02 	 3.116040e-03 	  0.000000e+00 	 0.000000e+00
 
AI-2022~FIC-2004  
  FreqPeriod(min) 	 Unc_UB 	 Bode 	 Unc_LB 	 S/N_Ratio
1.000000e+03 	 2.763097e-01 	 2.304241e-01 	  1.845385e-01 	 9.981932e-01
9.000254e+02 	 2.761620e-01 	 2.302764e-01 	  1.843908e-01 	 1.021394e+00
8.100456e+02 	 2.759799e-01 	 2.300943e-01 	  1.842087e-01 	 1.042236e+00
7.290616e+02 	 2.757553e-01 	 2.298697e-01 	  1.839840e-01 	 1.060564e+00
6.561739e+02 	 2.754783e-01 	 2.295927e-01 	  1.837071e-01 	 1.076319e+00
5.905732e+02 	 2.751368e-01 	 2.292512e-01 	  1.833656e-01 	 1.089519e+00
5.315308e+02 	 2.747161e-01 	 2.288305e-01 	  1.829449e-01 	 1.100232e+00
4.783912e+02 	 2.741978e-01 	 2.283122e-01 	  1.824266e-01 	 1.108549e+00
4.305642e+02 	 2.735598e-01 	 2.276742e-01 	  1.817886e-01 	 1.114563e+00
3.875187e+02 	 2.727748e-01 	 2.268892e-01 	  1.810036e-01 	 1.118342e+00
3.487767e+02 	 2.718097e-01 	 2.259241e-01 	  1.800385e-01 	 1.119923e+00
3.139079e+02 	 2.706244e-01 	 2.247388e-01 	  1.788532e-01 	 1.119288e+00
2.825250e+02 	 2.691705e-01 	 2.232849e-01 	  1.773993e-01 	 1.116364e+00
2.542797e+02 	 2.673897e-01 	 2.215041e-01 	  1.756185e-01 	 1.111005e+00
2.288582e+02 	 2.652126e-01 	 2.193270e-01 	  1.734414e-01 	 1.102991e+00
2.059782e+02 	 2.625573e-01 	 2.166717e-01 	  1.707861e-01 	 1.092019e+00
1.853856e+02 	 2.593280e-01 	 2.134424e-01 	  1.675568e-01 	 1.077699e+00
1.668517e+02 	 2.554147e-01 	 2.095291e-01 	  1.636435e-01 	 1.059554e+00
1.501708e+02 	 2.506345e-01 	 2.048083e-01 	  1.589821e-01 	 1.037025e+00
1.351575e+02 	 2.449198e-01 	 1.991452e-01 	  1.533705e-01 	 1.009484e+00
1.216452e+02 	 2.381283e-01 	 1.923995e-01 	  1.466707e-01 	 9.762678e-01
1.094837e+02 	 2.301221e-01 	 1.844356e-01 	  1.387491e-01 	 9.367245e-01
9.853815e+01 	 2.207851e-01 	 1.751394e-01 	  1.294936e-01 	 8.903046e-01
8.868683e+01 	 2.100480e-01 	 1.644436e-01 	  1.188391e-01 	 8.366899e-01
7.982040e+01 	 1.979255e-01 	 1.523649e-01 	  1.068044e-01 	 7.759807e-01
7.184038e+01 	 1.845640e-01 	 1.390523e-01 	  9.354067e-02 	 7.089421e-01
6.465817e+01 	 1.702971e-01 	 1.248422e-01 	  7.938734e-02 	 6.372884e-01
5.819399e+01 	 1.556927e-01 	 1.103058e-01 	  6.491889e-02 	 5.639271e-01
5.237607e+01 	 1.415509e-01 	 9.624734e-02 	  5.094381e-02 	 4.929601e-01
4.713979e+01 	 1.287797e-01 	 8.358001e-02 	  3.838029e-02 	 4.290637e-01
4.242700e+01 	 1.180736e-01 	 7.300432e-02 	  2.793500e-02 	 3.758570e-01
3.818538e+01 	 1.094879e-01 	 6.458268e-02 	  1.967748e-02 	 3.337141e-01
3.436781e+01 	 1.023366e-01 	 5.763694e-02 	  1.293729e-02 	 2.991933e-01
3.093190e+01 	 9.578649e-02 	 5.134112e-02 	  6.895755e-03 	 2.680365e-01
2.783950e+01 	 8.973641e-02 	 4.559891e-02 	  1.461415e-03 	 2.397187e-01
2.505625e+01 	 8.498502e-02 	 4.120819e-02 	  0.000000e+00 	 2.184209e-01
2.255126e+01 	 8.204399e-02 	 3.866956e-02 	  0.000000e+00 	 2.068667e-01
2.029671e+01 	 7.946590e-02 	 3.650903e-02 	  0.000000e+00 	 1.972072e-01
1.826755e+01 	 7.428227e-02 	 3.171157e-02 	  0.000000e+00 	 1.728471e-01
1.644126e+01 	 6.722948e-02 	 2.494661e-02 	  0.000000e+00 	 1.368996e-01
1.479755e+01 	 6.719254e-02 	 2.502002e-02 	  0.000000e+00 	 1.376617e-01
1.331817e+01 	 6.814287e-02 	 2.583666e-02 	  0.000000e+00 	 1.417057e-01
1.198669e+01 	 6.308155e-02 	 2.039648e-02 	  0.000000e+00 	 1.108752e-01
1.078833e+01 	 6.142983e-02 	 1.827068e-02 	  0.000000e+00 	 9.822836e-02
9.709767e+00 	 5.454768e-02 	 1.117824e-02 	  0.000000e+00 	 5.980599e-02
8.739037e+00 	 5.268820e-02 	 9.765211e-03 	  0.000000e+00 	 5.278940e-02
7.865355e+00 	 5.792839e-02 	 1.603373e-02 	  0.000000e+00 	 8.880370e-02
7.079019e+00 	 5.108897e-02 	 1.002935e-02 	  0.000000e+00 	 5.667781e-02
6.371296e+00 	 4.389465e-02 	 2.575887e-03 	  0.000000e+00 	 1.446553e-02
5.734328e+00 	 5.261170e-02 	 9.807739e-03 	  0.000000e+00 	 5.316674e-02
5.161041e+00 	 5.475669e-02 	 1.025394e-02 	  0.000000e+00 	 5.346370e-02
4.645068e+00 	 5.127473e-02 	 5.266209e-03 	  0.000000e+00 	 2.655919e-02
4.180679e+00 	 5.223251e-02 	 4.634041e-03 	  0.000000e+00 	 2.259030e-02
3.762717e+00 	 4.995420e-02 	 4.143673e-03 	  0.000000e+00 	 2.098821e-02
3.386540e+00 	 4.500689e-02 	 1.552224e-03 	  0.000000e+00 	 8.288445e-03
3.047972e+00 	 4.729366e-02 	 2.771228e-03 	  0.000000e+00 	 1.444270e-02
2.743252e+00 	 4.589160e-02 	 1.942775e-03 	  0.000000e+00 	 1.025724e-02
2.468997e+00 	 4.603856e-02 	 1.965916e-03 	  0.000000e+00 	 1.035025e-02
2.222160e+00 	 4.633929e-02 	 1.826649e-03 	  0.000000e+00 	 9.521970e-03
2.000000e+00 	 4.633929e-02 	 1.826649e-03 	  0.000000e+00 	 0.000000e+00
 
AI-2022~TIC-2003  
  FreqPeriod(min) 	 Unc_UB 	 Bode 	 Unc_LB 	 S/N_Ratio
1.000000e+03 	 5.359005e-01 	 5.030723e-01 	  4.702441e-01 	 2.088192e+00
9.000254e+02 	 5.357858e-01 	 5.029575e-01 	  4.701293e-01 	 2.218287e+00
8.100456e+02 	 5.356443e-01 	 5.028160e-01 	  4.699878e-01 	 2.350242e+00
7.290616e+02 	 5.354698e-01 	 5.026416e-01 	  4.698134e-01 	 2.481753e+00
6.561739e+02 	 5.352548e-01 	 5.024266e-01 	  4.695983e-01 	 2.610448e+00
5.905732e+02 	 5.349898e-01 	 5.021616e-01 	  4.693334e-01 	 2.734039e+00
5.315308e+02 	 5.346636e-01 	 5.018353e-01 	  4.690071e-01 	 2.850469e+00
4.783912e+02 	 5.342619e-01 	 5.014337e-01 	  4.686055e-01 	 2.958035e+00
4.305642e+02 	 5.337680e-01 	 5.009398e-01 	  4.681116e-01 	 3.055465e+00
3.875187e+02 	 5.331609e-01 	 5.003327e-01 	  4.675045e-01 	 3.141940e+00
3.487767e+02 	 5.324157e-01 	 4.995875e-01 	  4.667593e-01 	 3.217067e+00
3.139079e+02 	 5.315021e-01 	 4.986739e-01 	  4.658456e-01 	 3.280806e+00
2.825250e+02 	 5.303838e-01 	 4.975556e-01 	  4.647274e-01 	 3.333382e+00
2.542797e+02 	 5.290178e-01 	 4.961895e-01 	  4.633613e-01 	 3.375175e+00
2.288582e+02 	 5.273533e-01 	 4.945251e-01 	  4.616969e-01 	 3.406637e+00
2.059782e+02 	 5.253315e-01 	 4.925033e-01 	  4.596751e-01 	 3.428202e+00
1.853856e+02 	 5.228851e-01 	 4.900569e-01 	  4.572286e-01 	 3.440234e+00
1.668517e+02 	 5.199390e-01 	 4.871108e-01 	  4.542825e-01 	 3.442988e+00
1.501708e+02 	 5.162350e-01 	 4.835839e-01 	  4.509328e-01 	 3.436601e+00
1.351575e+02 	 5.119078e-01 	 4.793931e-01 	  4.468783e-01 	 3.421103e+00
1.216452e+02 	 5.068722e-01 	 4.744586e-01 	  4.420451e-01 	 3.396466e+00
1.094837e+02 	 5.010576e-01 	 4.687147e-01 	  4.363719e-01 	 3.362675e+00
9.853815e+01 	 4.944221e-01 	 4.621226e-01 	  4.298231e-01 	 3.319839e+00
8.868683e+01 	 4.869685e-01 	 4.546878e-01 	  4.224072e-01 	 3.268334e+00
7.982040e+01 	 4.787635e-01 	 4.464791e-01 	  4.141947e-01 	 3.208953e+00
7.184038e+01 	 4.699513e-01 	 4.376421e-01 	  4.053329e-01 	 3.143024e+00
6.465817e+01 	 4.607513e-01 	 4.283978e-01 	  3.960443e-01 	 3.072422e+00
5.819399e+01 	 4.514226e-01 	 4.190072e-01 	  3.865918e-01 	 2.999339e+00
5.237607e+01 	 4.421773e-01 	 4.096852e-01 	  3.771932e-01 	 2.925692e+00
4.713979e+01 	 4.330380e-01 	 4.004589e-01 	  3.678798e-01 	 2.852157e+00
4.242700e+01 	 4.236725e-01 	 3.910025e-01 	  3.583325e-01 	 2.777060e+00
3.818538e+01 	 4.132927e-01 	 3.805380e-01 	  3.477833e-01 	 2.695749e+00
3.436781e+01 	 4.007389e-01 	 3.679196e-01 	  3.351003e-01 	 2.601229e+00
3.093190e+01 	 3.848078e-01 	 3.519620e-01 	  3.191163e-01 	 2.486404e+00
2.783950e+01 	 3.646963e-01 	 3.318836e-01 	  2.990709e-01 	 2.346926e+00
2.505625e+01 	 3.402108e-01 	 3.075126e-01 	  2.748143e-01 	 2.182195e+00
2.255126e+01 	 3.114825e-01 	 2.789968e-01 	  2.465110e-01 	 1.992788e+00
2.029671e+01 	 2.787001e-01 	 2.465279e-01 	  2.143557e-01 	 1.778035e+00
1.826755e+01 	 2.429646e-01 	 2.111856e-01 	  1.794066e-01 	 1.541983e+00
1.644126e+01 	 2.074221e-01 	 1.760601e-01 	  1.446982e-01 	 1.302605e+00
1.479755e+01 	 1.751782e-01 	 1.441632e-01 	  1.131482e-01 	 1.078543e+00
1.331817e+01 	 1.466990e-01 	 1.158439e-01 	  8.498869e-02 	 8.711646e-01
1.198669e+01 	 1.231070e-01 	 9.213604e-02 	  6.116504e-02 	 6.902865e-01
1.078833e+01 	 1.037321e-01 	 7.241575e-02 	  4.109943e-02 	 5.365589e-01
9.709767e+00 	 8.725143e-02 	 5.565600e-02 	  2.406057e-02 	 4.087359e-01
8.739037e+00 	 7.361920e-02 	 4.226317e-02 	  1.090713e-02 	 3.127490e-01
7.865355e+00 	 6.132963e-02 	 3.085062e-02 	  3.716138e-04 	 2.348649e-01
7.079019e+00 	 4.937404e-02 	 1.979582e-02 	  0.000000e+00 	 1.552947e-01
6.371296e+00 	 3.876383e-02 	 9.167196e-03 	  0.000000e+00 	 7.187026e-02
5.734328e+00 	 3.438680e-02 	 3.603456e-03 	  0.000000e+00 	 2.716180e-02
5.161041e+00 	 4.011648e-02 	 8.051535e-03 	  0.000000e+00 	 5.826440e-02
4.645068e+00 	 4.309220e-02 	 1.013300e-02 	  0.000000e+00 	 7.133727e-02
4.180679e+00 	 4.359392e-02 	 9.352504e-03 	  0.000000e+00 	 6.337694e-02
3.762717e+00 	 3.969355e-02 	 6.619718e-03 	  0.000000e+00 	 4.644190e-02
3.386540e+00 	 3.508218e-02 	 3.909421e-03 	  0.000000e+00 	 2.909995e-02
3.047972e+00 	 3.560246e-02 	 3.521701e-03 	  0.000000e+00 	 2.547200e-02
2.743252e+00 	 3.627441e-02 	 4.549336e-03 	  0.000000e+00 	 3.327365e-02
2.468997e+00 	 3.585519e-02 	 3.337083e-03 	  0.000000e+00 	 2.381205e-02
2.222160e+00 	 3.371781e-02 	 8.670900e-04 	  0.000000e+00 	 6.124552e-03
2.000000e+00 	 3.371781e-02 	 8.670900e-04 	  0.000000e+00 	 0.000000e+00
 
Typical Moves
FI-2005 	 1.000000
FIC-2001 	 1.000000
FIC-2002 	 1.000000
FIC-2004 	 1.000000
TIC-2003 	 1.000000
